# Force coefficients
# liftDir     : (0.000000e+00 0.000000e+00 1.000000e+00)
# dragDir     : (1.000000e+00 0.000000e+00 0.000000e+00)
# pitchAxis   : (0.000000e+00 1.000000e+00 0.000000e+00)
# magUInf     : 2.000000e+01
# lRef        : 1.420000e+00
# Aref        : 7.500000e-01
# CofR        : (7.200000e-01 0.000000e+00 0.000000e+00)
# Time        	Cm            	Cd            	Cl            	Cl(f)         	Cl(r)         
0             	6.304719e-02	2.142102e-02	-2.505975e-04	6.292190e-02	-6.317249e-02
1             	1.121800e+01	3.831268e+00	-2.714501e-01	1.108227e+01	-1.135372e+01
2             	1.171509e+01	4.048268e+00	-2.283095e-01	1.160094e+01	-1.182925e+01
3             	9.593588e+00	3.352636e+00	-1.462385e-01	9.520468e+00	-9.666707e+00
4             	7.568493e+00	2.671541e+00	-8.734063e-02	7.524823e+00	-7.612164e+00
5             	6.241272e+00	2.221193e+00	-4.316062e-02	6.219692e+00	-6.262852e+00
6             	5.601314e+00	2.001321e+00	-1.328397e-02	5.594672e+00	-5.607956e+00
7             	5.481079e+00	1.955313e+00	6.627143e-05	5.481112e+00	-5.481046e+00
8             	5.638600e+00	2.002953e+00	3.917606e-03	5.640559e+00	-5.636641e+00
9             	5.857190e+00	2.073715e+00	9.803723e-03	5.862092e+00	-5.852288e+00
10            	6.082850e+00	2.150947e+00	2.426692e-02	6.094983e+00	-6.070717e+00
11            	6.292301e+00	2.228524e+00	5.434662e-02	6.319474e+00	-6.265128e+00
12            	6.416433e+00	2.284708e+00	1.064703e-01	6.469668e+00	-6.363198e+00
13            	6.485933e+00	2.331501e+00	1.857258e-01	6.578796e+00	-6.393070e+00
14            	6.534749e+00	2.377380e+00	2.830764e-01	6.676287e+00	-6.393211e+00
15            	6.599246e+00	2.428693e+00	3.807248e-01	6.789609e+00	-6.408884e+00
16            	6.687985e+00	2.483695e+00	4.647121e-01	6.920341e+00	-6.455629e+00
17            	6.783111e+00	2.532839e+00	5.239683e-01	7.045095e+00	-6.521127e+00
18            	6.863403e+00	2.568304e+00	5.563510e-01	7.141579e+00	-6.585228e+00
19            	6.915452e+00	2.586939e+00	5.657271e-01	7.198315e+00	-6.632588e+00
20            	6.937122e+00	2.589466e+00	5.558065e-01	7.215025e+00	-6.659219e+00
21            	6.935781e+00	2.579338e+00	5.292572e-01	7.200410e+00	-6.671153e+00
22            	6.930364e+00	2.563280e+00	4.871517e-01	7.173939e+00	-6.686788e+00
23            	6.941050e+00	2.549434e+00	4.338200e-01	7.157960e+00	-6.724140e+00
24            	6.974293e+00	2.541496e+00	3.743103e-01	7.161448e+00	-6.787138e+00
25            	7.023175e+00	2.539180e+00	3.154847e-01	7.180917e+00	-6.865432e+00
26            	7.072773e+00	2.539272e+00	2.633251e-01	7.204435e+00	-6.941110e+00
27            	7.107776e+00	2.537866e+00	2.218935e-01	7.218723e+00	-6.996829e+00
28            	7.118999e+00	2.532462e+00	1.932925e-01	7.215645e+00	-7.022353e+00
29            	7.105821e+00	2.522215e+00	1.755677e-01	7.193605e+00	-7.018037e+00
30            	7.068030e+00	2.505910e+00	1.651227e-01	7.150592e+00	-6.985469e+00
31            	7.007708e+00	2.483336e+00	1.590465e-01	7.087231e+00	-6.928185e+00
32            	6.935430e+00	2.457789e+00	1.563321e-01	7.013596e+00	-6.857264e+00
33            	6.864255e+00	2.433245e+00	1.554933e-01	6.942002e+00	-6.786509e+00
34            	6.803107e+00	2.412387e+00	1.553902e-01	6.880802e+00	-6.725412e+00
35            	6.751547e+00	2.395084e+00	1.559778e-01	6.829536e+00	-6.673558e+00
36            	6.707919e+00	2.380844e+00	1.575133e-01	6.786676e+00	-6.629162e+00
37            	6.668852e+00	2.368616e+00	1.601410e-01	6.748923e+00	-6.588782e+00
38            	6.635611e+00	2.358617e+00	1.632738e-01	6.717248e+00	-6.553974e+00
39            	6.608019e+00	2.350556e+00	1.663146e-01	6.691177e+00	-6.524862e+00
40            	6.585259e+00	2.344042e+00	1.688355e-01	6.669676e+00	-6.500841e+00
41            	6.566510e+00	2.338214e+00	1.689767e-01	6.650998e+00	-6.482022e+00
42            	6.555029e+00	2.333423e+00	1.643946e-01	6.637226e+00	-6.472831e+00
43            	6.551853e+00	2.329325e+00	1.528591e-01	6.628283e+00	-6.475423e+00
44            	6.557505e+00	2.325885e+00	1.336646e-01	6.624337e+00	-6.490673e+00
45            	6.570761e+00	2.323074e+00	1.080530e-01	6.624788e+00	-6.516735e+00
46            	6.588962e+00	2.320659e+00	7.814856e-02	6.628036e+00	-6.549888e+00
47            	6.610823e+00	2.318529e+00	4.490843e-02	6.633277e+00	-6.588369e+00
48            	6.631192e+00	2.315908e+00	1.164944e-02	6.637016e+00	-6.625367e+00
49            	6.650103e+00	2.313205e+00	-2.024736e-02	6.639979e+00	-6.660227e+00
50            	6.668147e+00	2.310809e+00	-5.007186e-02	6.643111e+00	-6.693183e+00
51            	6.685552e+00	2.308844e+00	-7.759825e-02	6.646753e+00	-6.724351e+00
52            	6.701813e+00	2.307098e+00	-1.029451e-01	6.650340e+00	-6.753285e+00
53            	6.716151e+00	2.305279e+00	-1.262260e-01	6.653038e+00	-6.779264e+00
54            	6.727056e+00	2.302914e+00	-1.474081e-01	6.653352e+00	-6.800760e+00
55            	6.734431e+00	2.299999e+00	-1.664493e-01	6.651206e+00	-6.817655e+00
56            	6.738922e+00	2.296737e+00	-1.834035e-01	6.647220e+00	-6.830623e+00
57            	6.742171e+00	2.293654e+00	-1.983971e-01	6.642973e+00	-6.841370e+00
58            	6.744538e+00	2.290747e+00	-2.118008e-01	6.638638e+00	-6.850439e+00
59            	6.746392e+00	2.288075e+00	-2.237961e-01	6.634494e+00	-6.858290e+00
60            	6.747220e+00	2.285469e+00	-2.343605e-01	6.630040e+00	-6.864400e+00
61            	6.746016e+00	2.282602e+00	-2.434248e-01	6.624304e+00	-6.867729e+00
62            	6.742021e+00	2.279314e+00	-2.507178e-01	6.616662e+00	-6.867380e+00
63            	6.735353e+00	2.275656e+00	-2.561856e-01	6.607260e+00	-6.863446e+00
64            	6.726867e+00	2.271834e+00	-2.600203e-01	6.596857e+00	-6.856877e+00
65            	6.718159e+00	2.268201e+00	-2.627686e-01	6.586774e+00	-6.849543e+00
66            	6.711024e+00	2.265143e+00	-2.650502e-01	6.578499e+00	-6.843549e+00
67            	6.706674e+00	2.262859e+00	-2.675692e-01	6.572889e+00	-6.840458e+00
68            	6.704923e+00	2.261147e+00	-2.707545e-01	6.569546e+00	-6.840300e+00
69            	6.704613e+00	2.259664e+00	-2.745056e-01	6.567360e+00	-6.841866e+00
70            	6.705755e+00	2.258415e+00	-2.788414e-01	6.566334e+00	-6.845175e+00
71            	6.708101e+00	2.257516e+00	-2.832171e-01	6.566492e+00	-6.849709e+00
72            	6.710838e+00	2.257183e+00	-2.861836e-01	6.567746e+00	-6.853930e+00
73            	6.714331e+00	2.257229e+00	-2.885574e-01	6.570052e+00	-6.858609e+00
74            	6.717604e+00	2.257635e+00	-2.893960e-01	6.572906e+00	-6.862302e+00
75            	6.720322e+00	2.258322e+00	-2.886400e-01	6.576002e+00	-6.864642e+00
76            	6.722196e+00	2.259138e+00	-2.863884e-01	6.579002e+00	-6.865390e+00
77            	6.723237e+00	2.260026e+00	-2.826221e-01	6.581926e+00	-6.864548e+00
78            	6.724630e+00	2.261233e+00	-2.782232e-01	6.585518e+00	-6.863741e+00
79            	6.725516e+00	2.262496e+00	-2.729995e-01	6.589016e+00	-6.862016e+00
80            	6.725867e+00	2.263796e+00	-2.669631e-01	6.592386e+00	-6.859349e+00
81            	6.724412e+00	2.264864e+00	-2.596331e-01	6.594596e+00	-6.854229e+00
82            	6.722219e+00	2.265999e+00	-2.512238e-01	6.596607e+00	-6.847831e+00
83            	6.719082e+00	2.267126e+00	-2.417893e-01	6.598187e+00	-6.839976e+00
84            	6.714679e+00	2.268123e+00	-2.313437e-01	6.599008e+00	-6.830351e+00
85            	6.708935e+00	2.268951e+00	-2.199651e-01	6.598952e+00	-6.818917e+00
86            	6.701591e+00	2.269489e+00	-2.077525e-01	6.597714e+00	-6.805467e+00
87            	6.692908e+00	2.269787e+00	-1.948483e-01	6.595484e+00	-6.790333e+00
88            	6.682935e+00	2.269816e+00	-1.813820e-01	6.592244e+00	-6.773626e+00
89            	6.671695e+00	2.269567e+00	-1.674401e-01	6.587975e+00	-6.755415e+00
90            	6.659026e+00	2.268960e+00	-1.530964e-01	6.582477e+00	-6.735574e+00
91            	6.644986e+00	2.268015e+00	-1.383706e-01	6.575801e+00	-6.714171e+00
92            	6.629795e+00	2.266762e+00	-1.233649e-01	6.568113e+00	-6.691477e+00
93            	6.614051e+00	2.265377e+00	-1.081808e-01	6.559960e+00	-6.668141e+00
94            	6.597963e+00	2.263920e+00	-9.282243e-02	6.551552e+00	-6.644375e+00
95            	6.581514e+00	2.262321e+00	-7.752349e-02	6.542752e+00	-6.620276e+00
96            	6.564652e+00	2.260531e+00	-6.237086e-02	6.533467e+00	-6.595837e+00
97            	6.547330e+00	2.258557e+00	-4.732429e-02	6.523668e+00	-6.570992e+00
98            	6.529096e+00	2.256250e+00	-3.237748e-02	6.512907e+00	-6.545285e+00
99            	6.510369e+00	2.253711e+00	-1.767363e-02	6.501532e+00	-6.519205e+00
100           	6.491686e+00	2.251074e+00	-3.364163e-03	6.490004e+00	-6.493368e+00
101           	6.473649e+00	2.248523e+00	1.046957e-02	6.478884e+00	-6.468414e+00
102           	6.456809e+00	2.246254e+00	2.385368e-02	6.468736e+00	-6.444882e+00
103           	6.441486e+00	2.244409e+00	3.693476e-02	6.459953e+00	-6.423019e+00
104           	6.426298e+00	2.242536e+00	4.963469e-02	6.451116e+00	-6.401481e+00
105           	6.412257e+00	2.240991e+00	6.207734e-02	6.443296e+00	-6.381219e+00
106           	6.399096e+00	2.239743e+00	7.447462e-02	6.436333e+00	-6.361858e+00
107           	6.385871e+00	2.238446e+00	8.672078e-02	6.429231e+00	-6.342511e+00
108           	6.372052e+00	2.236866e+00	9.864910e-02	6.421376e+00	-6.322727e+00
109           	6.358057e+00	2.235059e+00	1.099779e-01	6.413046e+00	-6.303068e+00
110           	6.343915e+00	2.232968e+00	1.204919e-01	6.404161e+00	-6.283669e+00
111           	6.329808e+00	2.230547e+00	1.297537e-01	6.394685e+00	-6.264931e+00
112           	6.313525e+00	2.227318e+00	1.387267e-01	6.382888e+00	-6.244162e+00
113           	6.293680e+00	2.223105e+00	1.484554e-01	6.367908e+00	-6.219453e+00
114           	6.272944e+00	2.218800e+00	1.588828e-01	6.352386e+00	-6.193503e+00
115           	6.252333e+00	2.214744e+00	1.700444e-01	6.337355e+00	-6.167310e+00
116           	6.232633e+00	2.211169e+00	1.818598e-01	6.323563e+00	-6.141703e+00
117           	6.214693e+00	2.208262e+00	1.940236e-01	6.311705e+00	-6.117681e+00
118           	6.199523e+00	2.206261e+00	2.061981e-01	6.302622e+00	-6.096424e+00
119           	6.187702e+00	2.205274e+00	2.180559e-01	6.296730e+00	-6.078674e+00
120           	6.179305e+00	2.205213e+00	2.291968e-01	6.293903e+00	-6.064707e+00
121           	6.173906e+00	2.205859e+00	2.393834e-01	6.293597e+00	-6.054214e+00
122           	6.171110e+00	2.207080e+00	2.485201e-01	6.295370e+00	-6.046850e+00
123           	6.170658e+00	2.208863e+00	2.568396e-01	6.299078e+00	-6.042238e+00
124           	6.171140e+00	2.210858e+00	2.646826e-01	6.303482e+00	-6.038799e+00
125           	6.171309e+00	2.212742e+00	2.723921e-01	6.307505e+00	-6.035112e+00
126           	6.169994e+00	2.214227e+00	2.803051e-01	6.310147e+00	-6.029842e+00
127           	6.166365e+00	2.215086e+00	2.885901e-01	6.310660e+00	-6.022070e+00
128           	6.160388e+00	2.215174e+00	2.967635e-01	6.308769e+00	-6.012006e+00
129           	6.151757e+00	2.214535e+00	3.054062e-01	6.304460e+00	-5.999054e+00
130           	6.141191e+00	2.213391e+00	3.144767e-01	6.298429e+00	-5.983952e+00
131           	6.129369e+00	2.211912e+00	3.238272e-01	6.291282e+00	-5.967455e+00
132           	6.116704e+00	2.210178e+00	3.332727e-01	6.283341e+00	-5.950068e+00
133           	6.103303e+00	2.208304e+00	3.431536e-01	6.274880e+00	-5.931726e+00
134           	6.089500e+00	2.206236e+00	3.528550e-01	6.265927e+00	-5.913072e+00
135           	6.075727e+00	2.204088e+00	3.622889e-01	6.256872e+00	-5.894583e+00
136           	6.062423e+00	2.201994e+00	3.714154e-01	6.248130e+00	-5.876715e+00
137           	6.049561e+00	2.199936e+00	3.801572e-01	6.239640e+00	-5.859483e+00
138           	6.038059e+00	2.198174e+00	3.883124e-01	6.232216e+00	-5.843903e+00
139           	6.028745e+00	2.196861e+00	3.954277e-01	6.226459e+00	-5.831031e+00
140           	6.021089e+00	2.195920e+00	4.018764e-01	6.222028e+00	-5.820151e+00
141           	6.014798e+00	2.195249e+00	4.076953e-01	6.218646e+00	-5.810950e+00
142           	6.009633e+00	2.194744e+00	4.127706e-01	6.216018e+00	-5.803248e+00
143           	6.004854e+00	2.194145e+00	4.171008e-01	6.213405e+00	-5.796304e+00
144           	5.999686e+00	2.193198e+00	4.206884e-01	6.210030e+00	-5.789342e+00
145           	5.993568e+00	2.191759e+00	4.237187e-01	6.205428e+00	-5.781709e+00
146           	5.987537e+00	2.190215e+00	4.262077e-01	6.200641e+00	-5.774433e+00
147           	5.978329e+00	2.187786e+00	4.294558e-01	6.193057e+00	-5.763601e+00
148           	5.971149e+00	2.185951e+00	4.322680e-01	6.187283e+00	-5.755015e+00
149           	5.960923e+00	2.183483e+00	4.365074e-01	6.179177e+00	-5.742670e+00
150           	5.951811e+00	2.181496e+00	4.410122e-01	6.172317e+00	-5.731304e+00
151           	5.941921e+00	2.179585e+00	4.466682e-01	6.165255e+00	-5.718587e+00
152           	5.932254e+00	2.177979e+00	4.530640e-01	6.158786e+00	-5.705722e+00
153           	5.923319e+00	2.176814e+00	4.601272e-01	6.153383e+00	-5.693256e+00
154           	5.915922e+00	2.176393e+00	4.679026e-01	6.149873e+00	-5.681971e+00
155           	5.910647e+00	2.176894e+00	4.763613e-01	6.148828e+00	-5.672466e+00
156           	5.907356e+00	2.178241e+00	4.853935e-01	6.150052e+00	-5.664659e+00
157           	5.905635e+00	2.180216e+00	4.947288e-01	6.152999e+00	-5.658271e+00
158           	5.904736e+00	2.182327e+00	5.035451e-01	6.156509e+00	-5.652963e+00
159           	5.903628e+00	2.184297e+00	5.121367e-01	6.159697e+00	-5.647560e+00
160           	5.901493e+00	2.185761e+00	5.201753e-01	6.161581e+00	-5.641406e+00
161           	5.898068e+00	2.186477e+00	5.271634e-01	6.161650e+00	-5.634487e+00
162           	5.893677e+00	2.186435e+00	5.326934e-01	6.160023e+00	-5.627330e+00
163           	5.888842e+00	2.185713e+00	5.363934e-01	6.157038e+00	-5.620645e+00
164           	5.884235e+00	2.184841e+00	5.393863e-01	6.153928e+00	-5.614542e+00
165           	5.880338e+00	2.183931e+00	5.414665e-01	6.151072e+00	-5.609605e+00
166           	5.877371e+00	2.183203e+00	5.430962e-01	6.148919e+00	-5.605823e+00
167           	5.875495e+00	2.182890e+00	5.449883e-01	6.147990e+00	-5.603001e+00
168           	5.873776e+00	2.182612e+00	5.467863e-01	6.147169e+00	-5.600382e+00
169           	5.873433e+00	2.182840e+00	5.487496e-01	6.147808e+00	-5.599059e+00
170           	5.874335e+00	2.183471e+00	5.506293e-01	6.149650e+00	-5.599020e+00
171           	5.877219e+00	2.184742e+00	5.524590e-01	6.153449e+00	-5.600990e+00
172           	5.881513e+00	2.186447e+00	5.541827e-01	6.158604e+00	-5.604421e+00
173           	5.886311e+00	2.188314e+00	5.559045e-01	6.164263e+00	-5.608359e+00
174           	5.890974e+00	2.190118e+00	5.575764e-01	6.169762e+00	-5.612185e+00
175           	5.895231e+00	2.191760e+00	5.591508e-01	6.174807e+00	-5.615656e+00
176           	5.898844e+00	2.193131e+00	5.605617e-01	6.179125e+00	-5.618563e+00
177           	5.901517e+00	2.194173e+00	5.619391e-01	6.182487e+00	-5.620548e+00
178           	5.902595e+00	2.194719e+00	5.634651e-01	6.184328e+00	-5.620862e+00
179           	5.901652e+00	2.194651e+00	5.652370e-01	6.184271e+00	-5.619034e+00
180           	5.898476e+00	2.193895e+00	5.672700e-01	6.182111e+00	-5.614841e+00
181           	5.893236e+00	2.192460e+00	5.694072e-01	6.177940e+00	-5.608533e+00
182           	5.886816e+00	2.190556e+00	5.713770e-01	6.172504e+00	-5.601127e+00
183           	5.881033e+00	2.188737e+00	5.728999e-01	6.167483e+00	-5.594583e+00
184           	5.874994e+00	2.186757e+00	5.742945e-01	6.162141e+00	-5.587847e+00
185           	5.870476e+00	2.185183e+00	5.753930e-01	6.158172e+00	-5.582779e+00
186           	5.867946e+00	2.184256e+00	5.764538e-01	6.156173e+00	-5.579719e+00
187           	5.867275e+00	2.184050e+00	5.778228e-01	6.156186e+00	-5.578363e+00
188           	5.868158e+00	2.184562e+00	5.798044e-01	6.158060e+00	-5.578256e+00
189           	5.870295e+00	2.185816e+00	5.828454e-01	6.161718e+00	-5.578872e+00
190           	5.872576e+00	2.187285e+00	5.862780e-01	6.165715e+00	-5.579437e+00
191           	5.874219e+00	2.188709e+00	5.901934e-01	6.169316e+00	-5.579123e+00
192           	5.874747e+00	2.189829e+00	5.942565e-01	6.171875e+00	-5.577618e+00
193           	5.874149e+00	2.190537e+00	5.981189e-01	6.173209e+00	-5.575090e+00
194           	5.872883e+00	2.190899e+00	6.014838e-01	6.173624e+00	-5.572141e+00
195           	5.871642e+00	2.191105e+00	6.041944e-01	6.173739e+00	-5.569545e+00
196           	5.870855e+00	2.191337e+00	6.064521e-01	6.174081e+00	-5.567629e+00
197           	5.870882e+00	2.191773e+00	6.083942e-01	6.175079e+00	-5.566685e+00
198           	5.871786e+00	2.192459e+00	6.101182e-01	6.176845e+00	-5.566727e+00
199           	5.873774e+00	2.193509e+00	6.117924e-01	6.179671e+00	-5.567878e+00
200           	5.876614e+00	2.194885e+00	6.135720e-01	6.183400e+00	-5.569828e+00
201           	5.879581e+00	2.196385e+00	6.155847e-01	6.187373e+00	-5.571789e+00
202           	5.881700e+00	2.197689e+00	6.178466e-01	6.190623e+00	-5.572776e+00
203           	5.881298e+00	2.198133e+00	6.200123e-01	6.191305e+00	-5.571292e+00
204           	5.879413e+00	2.198049e+00	6.221092e-01	6.190467e+00	-5.568358e+00
205           	5.876623e+00	2.197611e+00	6.240803e-01	6.188663e+00	-5.564582e+00
206           	5.873072e+00	2.196880e+00	6.259599e-01	6.186052e+00	-5.560092e+00
207           	5.868663e+00	2.195851e+00	6.278113e-01	6.182568e+00	-5.554757e+00
208           	5.863369e+00	2.194506e+00	6.295879e-01	6.178162e+00	-5.548575e+00
209           	5.857412e+00	2.192854e+00	6.310563e-01	6.172940e+00	-5.541884e+00
210           	5.851013e+00	2.190878e+00	6.318891e-01	6.166958e+00	-5.535069e+00
211           	5.845147e+00	2.188767e+00	6.316266e-01	6.160960e+00	-5.529334e+00
212           	5.840194e+00	2.186512e+00	6.297771e-01	6.155083e+00	-5.525306e+00
213           	5.838236e+00	2.184702e+00	6.260119e-01	6.151242e+00	-5.525230e+00
214           	5.840732e+00	2.183868e+00	6.205474e-01	6.151005e+00	-5.530458e+00
215           	5.847994e+00	2.184440e+00	6.145425e-01	6.155265e+00	-5.540723e+00
216           	5.856867e+00	2.185948e+00	6.099414e-01	6.161838e+00	-5.551897e+00
217           	5.864991e+00	2.188073e+00	6.083551e-01	6.169169e+00	-5.560814e+00
218           	5.871882e+00	2.190804e+00	6.103116e-01	6.177037e+00	-5.566726e+00
219           	5.875701e+00	2.193364e+00	6.153127e-01	6.183358e+00	-5.568045e+00
220           	5.872751e+00	2.194373e+00	6.228731e-01	6.184188e+00	-5.561315e+00
221           	5.863881e+00	2.193664e+00	6.314658e-01	6.179614e+00	-5.548148e+00
222           	5.846461e+00	2.190056e+00	6.399778e-01	6.166450e+00	-5.526472e+00
223           	5.823238e+00	2.184019e+00	6.466524e-01	6.146564e+00	-5.499912e+00
224           	5.798447e+00	2.176727e+00	6.504963e-01	6.123696e+00	-5.473199e+00
225           	5.776847e+00	2.169576e+00	6.507417e-01	6.102218e+00	-5.451476e+00
226           	5.761228e+00	2.163731e+00	6.483096e-01	6.085383e+00	-5.437073e+00
227           	5.755207e+00	2.160223e+00	6.427356e-01	6.076575e+00	-5.433839e+00
228           	5.759361e+00	2.159051e+00	6.333466e-01	6.076034e+00	-5.442688e+00
229           	5.768343e+00	2.159331e+00	6.233299e-01	6.080008e+00	-5.456679e+00
230           	5.780032e+00	2.160579e+00	6.135463e-01	6.086805e+00	-5.473259e+00
231           	5.793622e+00	2.162764e+00	6.048899e-01	6.096067e+00	-5.491177e+00
232           	5.804446e+00	2.164681e+00	5.985977e-01	6.103745e+00	-5.505147e+00
233           	5.812603e+00	2.166329e+00	5.945708e-01	6.109888e+00	-5.515317e+00
234           	5.818625e+00	2.167710e+00	5.922584e-01	6.114754e+00	-5.522495e+00
235           	5.823647e+00	2.168929e+00	5.907358e-01	6.119015e+00	-5.528279e+00
236           	5.828764e+00	2.170324e+00	5.898860e-01	6.123707e+00	-5.533821e+00
237           	5.835230e+00	2.172472e+00	5.901927e-01	6.130326e+00	-5.540133e+00
238           	5.843009e+00	2.175588e+00	5.923552e-01	6.139186e+00	-5.546831e+00
239           	5.849855e+00	2.179089e+00	5.969135e-01	6.148312e+00	-5.551398e+00
240           	5.853463e+00	2.182136e+00	6.036027e-01	6.155264e+00	-5.551661e+00
241           	5.852572e+00	2.184053e+00	6.115793e-01	6.158362e+00	-5.546783e+00
242           	5.848073e+00	2.184689e+00	6.193198e-01	6.157733e+00	-5.538414e+00
243           	5.840893e+00	2.183847e+00	6.250993e-01	6.153443e+00	-5.528343e+00
244           	5.833734e+00	2.181902e+00	6.270486e-01	6.147259e+00	-5.520210e+00
245           	5.828180e+00	2.179625e+00	6.260229e-01	6.141192e+00	-5.515169e+00
246           	5.825591e+00	2.177358e+00	6.215991e-01	6.136390e+00	-5.514791e+00
247           	5.825705e+00	2.175190e+00	6.143487e-01	6.132879e+00	-5.518530e+00
248           	5.828522e+00	2.173449e+00	6.053615e-01	6.131203e+00	-5.525841e+00
249           	5.832990e+00	2.172092e+00	5.956661e-01	6.130823e+00	-5.535157e+00
250           	5.840025e+00	2.171310e+00	5.848255e-01	6.132438e+00	-5.547613e+00
251           	5.846630e+00	2.170965e+00	5.758205e-01	6.134540e+00	-5.558720e+00
252           	5.853969e+00	2.171257e+00	5.681004e-01	6.138019e+00	-5.569919e+00
253           	5.861846e+00	2.172296e+00	5.623322e-01	6.143012e+00	-5.580680e+00
254           	5.870121e+00	2.174165e+00	5.590117e-01	6.149627e+00	-5.590615e+00
255           	5.877787e+00	2.176672e+00	5.586492e-01	6.157112e+00	-5.598462e+00
256           	5.884204e+00	2.179815e+00	5.619670e-01	6.165188e+00	-5.603221e+00
257           	5.887642e+00	2.183119e+00	5.693272e-01	6.172306e+00	-5.602979e+00
258           	5.884921e+00	2.185356e+00	5.802014e-01	6.175022e+00	-5.594820e+00
259           	5.874352e+00	2.185526e+00	5.931100e-01	6.170907e+00	-5.577797e+00
260           	5.857189e+00	2.183451e+00	6.060259e-01	6.160202e+00	-5.554176e+00
261           	5.838074e+00	2.179903e+00	6.161864e-01	6.146168e+00	-5.529981e+00
262           	5.818005e+00	2.174838e+00	6.221290e-01	6.129070e+00	-5.506941e+00
263           	5.800424e+00	2.169292e+00	6.233186e-01	6.112083e+00	-5.488765e+00
264           	5.783270e+00	2.162789e+00	6.204431e-01	6.093492e+00	-5.473049e+00
265           	5.773738e+00	2.158020e+00	6.146259e-01	6.081051e+00	-5.466425e+00
266           	5.769339e+00	2.153930e+00	6.050613e-01	6.071869e+00	-5.466808e+00
267           	5.769018e+00	2.151324e+00	5.957972e-01	6.066916e+00	-5.471119e+00
268           	5.770859e+00	2.149766e+00	5.876619e-01	6.064690e+00	-5.477028e+00
269           	5.776104e+00	2.149723e+00	5.809605e-01	6.066584e+00	-5.485624e+00
270           	5.782735e+00	2.150721e+00	5.763548e-01	6.070913e+00	-5.494558e+00
271           	5.790382e+00	2.152616e+00	5.737929e-01	6.077278e+00	-5.503485e+00
272           	5.798355e+00	2.155056e+00	5.728245e-01	6.084767e+00	-5.511943e+00
273           	5.806248e+00	2.157757e+00	5.729662e-01	6.092731e+00	-5.519765e+00
274           	5.814338e+00	2.160774e+00	5.740256e-01	6.101351e+00	-5.527325e+00
275           	5.823166e+00	2.164381e+00	5.762848e-01	6.111308e+00	-5.535023e+00
276           	5.832654e+00	2.168557e+00	5.797143e-01	6.122511e+00	-5.542796e+00
277           	5.842705e+00	2.173202e+00	5.840991e-01	6.134755e+00	-5.550655e+00
278           	5.853056e+00	2.178153e+00	5.891854e-01	6.147649e+00	-5.558463e+00
279           	5.863261e+00	2.183191e+00	5.947674e-01	6.160645e+00	-5.565878e+00
280           	5.873157e+00	2.188152e+00	6.004813e-01	6.173398e+00	-5.572917e+00
281           	5.878387e+00	2.191524e+00	6.061470e-01	6.181461e+00	-5.575314e+00
282           	5.877626e+00	2.192664e+00	6.110475e-01	6.183150e+00	-5.572102e+00
283           	5.871723e+00	2.191617e+00	6.143658e-01	6.178906e+00	-5.564540e+00
284           	5.861487e+00	2.188445e+00	6.152665e-01	6.169120e+00	-5.553854e+00
285           	5.847965e+00	2.183392e+00	6.132410e-01	6.154586e+00	-5.541345e+00
286           	5.832633e+00	2.176915e+00	6.081298e-01	6.136698e+00	-5.528568e+00
287           	5.818850e+00	2.170291e+00	6.004198e-01	6.119060e+00	-5.518640e+00
288           	5.808054e+00	2.163954e+00	5.899159e-01	6.103012e+00	-5.513096e+00
289           	5.801607e+00	2.159104e+00	5.793913e-01	6.091302e+00	-5.511911e+00
290           	5.801696e+00	2.156406e+00	5.688131e-01	6.086102e+00	-5.517289e+00
291           	5.808154e+00	2.155981e+00	5.589555e-01	6.087632e+00	-5.528676e+00
292           	5.820365e+00	2.157719e+00	5.501973e-01	6.095463e+00	-5.545266e+00
293           	5.837651e+00	2.161454e+00	5.427910e-01	6.109046e+00	-5.566255e+00
294           	5.859365e+00	2.167151e+00	5.373195e-01	6.128025e+00	-5.590706e+00
295           	5.881629e+00	2.173926e+00	5.351576e-01	6.149208e+00	-5.614051e+00
296           	5.900367e+00	2.180777e+00	5.373873e-01	6.169060e+00	-5.631673e+00
297           	5.911259e+00	2.186260e+00	5.440227e-01	6.183270e+00	-5.639247e+00
298           	5.914388e+00	2.190011e+00	5.537615e-01	6.191269e+00	-5.637508e+00
299           	5.911431e+00	2.192029e+00	5.647119e-01	6.193787e+00	-5.629075e+00
300           	5.904210e+00	2.192373e+00	5.749563e-01	6.191688e+00	-5.616731e+00
301           	5.892530e+00	2.190731e+00	5.835511e-01	6.184305e+00	-5.600754e+00
302           	5.876210e+00	2.186830e+00	5.896127e-01	6.171016e+00	-5.581404e+00
303           	5.857854e+00	2.181596e+00	5.932248e-01	6.154466e+00	-5.561241e+00
304           	5.840510e+00	2.176179e+00	5.948455e-01	6.137933e+00	-5.543088e+00
305           	5.827403e+00	2.171763e+00	5.949002e-01	6.124853e+00	-5.529952e+00
306           	5.816804e+00	2.167856e+00	5.938293e-01	6.113719e+00	-5.519890e+00
307           	5.809111e+00	2.164692e+00	5.920245e-01	6.105123e+00	-5.513098e+00
308           	5.804456e+00	2.162445e+00	5.899354e-01	6.099424e+00	-5.509489e+00
309           	5.802276e+00	2.161006e+00	5.878121e-01	6.096182e+00	-5.508370e+00
310           	5.801266e+00	2.160242e+00	5.866278e-01	6.094580e+00	-5.507953e+00
311           	5.800922e+00	2.160002e+00	5.864921e-01	6.094168e+00	-5.507676e+00
312           	5.801189e+00	2.160234e+00	5.873433e-01	6.094860e+00	-5.507517e+00
313           	5.802439e+00	2.161007e+00	5.890290e-01	6.096954e+00	-5.507925e+00
314           	5.805363e+00	2.162514e+00	5.914481e-01	6.101087e+00	-5.509639e+00
315           	5.809535e+00	2.164504e+00	5.942095e-01	6.106639e+00	-5.512430e+00
316           	5.814444e+00	2.166726e+00	5.970132e-01	6.112951e+00	-5.515938e+00
317           	5.820211e+00	2.169212e+00	5.997966e-01	6.120109e+00	-5.520312e+00
318           	5.825981e+00	2.171692e+00	6.025774e-01	6.127269e+00	-5.524692e+00
319           	5.831544e+00	2.174168e+00	6.055959e-01	6.134342e+00	-5.528746e+00
320           	5.836446e+00	2.176574e+00	6.091149e-01	6.141004e+00	-5.531889e+00
321           	5.840182e+00	2.178812e+00	6.133533e-01	6.146859e+00	-5.533505e+00
322           	5.842345e+00	2.180769e+00	6.183523e-01	6.151521e+00	-5.533169e+00
323           	5.842668e+00	2.182338e+00	6.240218e-01	6.154679e+00	-5.530657e+00
324           	5.841174e+00	2.183254e+00	6.293519e-01	6.155850e+00	-5.526498e+00
325           	5.839326e+00	2.184281e+00	6.353302e-01	6.156991e+00	-5.521661e+00
326           	5.837292e+00	2.185253e+00	6.412006e-01	6.157892e+00	-5.516692e+00
327           	5.836222e+00	2.186348e+00	6.462827e-01	6.159364e+00	-5.513081e+00
328           	5.836140e+00	2.187644e+00	6.507982e-01	6.161539e+00	-5.510741e+00
329           	5.836531e+00	2.188718e+00	6.539335e-01	6.163498e+00	-5.509564e+00
330           	5.838283e+00	2.190049e+00	6.562714e-01	6.166418e+00	-5.510147e+00
331           	5.841314e+00	2.191697e+00	6.581198e-01	6.170374e+00	-5.512254e+00
332           	5.844945e+00	2.193580e+00	6.599995e-01	6.174944e+00	-5.514945e+00
333           	5.847772e+00	2.195353e+00	6.623728e-01	6.178958e+00	-5.516585e+00
334           	5.848763e+00	2.196736e+00	6.655022e-01	6.181514e+00	-5.516012e+00
335           	5.845525e+00	2.196998e+00	6.696713e-01	6.180360e+00	-5.510689e+00
336           	5.838426e+00	2.196240e+00	6.748723e-01	6.175862e+00	-5.500990e+00
337           	5.827352e+00	2.194295e+00	6.806633e-01	6.167683e+00	-5.487020e+00
338           	5.811636e+00	2.190785e+00	6.864007e-01	6.154836e+00	-5.468436e+00
339           	5.792202e+00	2.185785e+00	6.911553e-01	6.137779e+00	-5.446624e+00
340           	5.770141e+00	2.179453e+00	6.940904e-01	6.117187e+00	-5.423096e+00
341           	5.751804e+00	2.173455e+00	6.937207e-01	6.098664e+00	-5.404943e+00
342           	5.741712e+00	2.168984e+00	6.891316e-01	6.086278e+00	-5.397146e+00
343           	5.742189e+00	2.166841e+00	6.806655e-01	6.082521e+00	-5.401856e+00
344           	5.752214e+00	2.166068e+00	6.659744e-01	6.085202e+00	-5.419227e+00
345           	5.766163e+00	2.166120e+00	6.496105e-01	6.090968e+00	-5.441357e+00
346           	5.782013e+00	2.166615e+00	6.325552e-01	6.098290e+00	-5.465735e+00
347           	5.797126e+00	2.167156e+00	6.164796e-01	6.105366e+00	-5.488886e+00
348           	5.810434e+00	2.167781e+00	6.027923e-01	6.111830e+00	-5.509038e+00
349           	5.821624e+00	2.168595e+00	5.921527e-01	6.117700e+00	-5.525547e+00
350           	5.831132e+00	2.169701e+00	5.844582e-01	6.123361e+00	-5.538903e+00
351           	5.840022e+00	2.171353e+00	5.794779e-01	6.129761e+00	-5.550283e+00
352           	5.848720e+00	2.173740e+00	5.773780e-01	6.137409e+00	-5.560031e+00
353           	5.856783e+00	2.176902e+00	5.787521e-01	6.146159e+00	-5.567407e+00
354           	5.862000e+00	2.180310e+00	5.842365e-01	6.154118e+00	-5.569882e+00
355           	5.861682e+00	2.183121e+00	5.940096e-01	6.158687e+00	-5.564678e+00
356           	5.854675e+00	2.184609e+00	6.070016e-01	6.158175e+00	-5.551174e+00
357           	5.844236e+00	2.185427e+00	6.217815e-01	6.155127e+00	-5.533346e+00
358           	5.833149e+00	2.185875e+00	6.362410e-01	6.151269e+00	-5.515028e+00
359           	5.822609e+00	2.185950e+00	6.490428e-01	6.147130e+00	-5.498087e+00
360           	5.813645e+00	2.185353e+00	6.578886e-01	6.142589e+00	-5.484701e+00
361           	5.806153e+00	2.183913e+00	6.621974e-01	6.137252e+00	-5.475055e+00
362           	5.799270e+00	2.181481e+00	6.622570e-01	6.130399e+00	-5.468142e+00
363           	5.792293e+00	2.178055e+00	6.588139e-01	6.121700e+00	-5.462886e+00
364           	5.785304e+00	2.174103e+00	6.533145e-01	6.111961e+00	-5.458646e+00
365           	5.779554e+00	2.169703e+00	6.446648e-01	6.101886e+00	-5.457222e+00
366           	5.776650e+00	2.166186e+00	6.355347e-01	6.094418e+00	-5.458883e+00
367           	5.776033e+00	2.163298e+00	6.258359e-01	6.088951e+00	-5.463115e+00
368           	5.778824e+00	2.161465e+00	6.158064e-01	6.086727e+00	-5.470921e+00
369           	5.784652e+00	2.160726e+00	6.060702e-01	6.087687e+00	-5.481617e+00
370           	5.792611e+00	2.160991e+00	5.973567e-01	6.091290e+00	-5.493933e+00
371           	5.802160e+00	2.162179e+00	5.900657e-01	6.097193e+00	-5.507128e+00
372           	5.812511e+00	2.164218e+00	5.848252e-01	6.104923e+00	-5.520098e+00
373           	5.821805e+00	2.166818e+00	5.827648e-01	6.113187e+00	-5.530423e+00
374           	5.828093e+00	2.169636e+00	5.848934e-01	6.120540e+00	-5.535647e+00
375           	5.830277e+00	2.172287e+00	5.912481e-01	6.125901e+00	-5.534653e+00
376           	5.826297e+00	2.173830e+00	6.009930e-01	6.126794e+00	-5.525801e+00
377           	5.818005e+00	2.174304e+00	6.122388e-01	6.124124e+00	-5.511885e+00
378           	5.808279e+00	2.174092e+00	6.229660e-01	6.119762e+00	-5.496796e+00
379           	5.796773e+00	2.172692e+00	6.317405e-01	6.112643e+00	-5.480903e+00
380           	5.782740e+00	2.169635e+00	6.376234e-01	6.101551e+00	-5.463928e+00
381           	5.767981e+00	2.165393e+00	6.400959e-01	6.088029e+00	-5.447933e+00
382           	5.756556e+00	2.161336e+00	6.391950e-01	6.076154e+00	-5.436959e+00
383           	5.748986e+00	2.157708e+00	6.352941e-01	6.066633e+00	-5.431339e+00
384           	5.747862e+00	2.155554e+00	6.290496e-01	6.062387e+00	-5.433337e+00
385           	5.752934e+00	2.154760e+00	6.203764e-01	6.063122e+00	-5.442746e+00
386           	5.761455e+00	2.155317e+00	6.123885e-01	6.067650e+00	-5.455261e+00
387           	5.773255e+00	2.157067e+00	6.048432e-01	6.075677e+00	-5.470833e+00
388           	5.788165e+00	2.160047e+00	5.980291e-01	6.087179e+00	-5.489150e+00
389           	5.804694e+00	2.163900e+00	5.924380e-01	6.100913e+00	-5.508475e+00
390           	5.822097e+00	2.168613e+00	5.888176e-01	6.116506e+00	-5.527688e+00
391           	5.839621e+00	2.174118e+00	5.878173e-01	6.133530e+00	-5.545712e+00
392           	5.858239e+00	2.180897e+00	5.899263e-01	6.153202e+00	-5.563276e+00
393           	5.875000e+00	2.187849e+00	5.948831e-01	6.172442e+00	-5.577559e+00
394           	5.886799e+00	2.193985e+00	6.027571e-01	6.188177e+00	-5.585420e+00
395           	5.890814e+00	2.198208e+00	6.130639e-01	6.197346e+00	-5.584282e+00
396           	5.887469e+00	2.200203e+00	6.243409e-01	6.199640e+00	-5.575299e+00
397           	5.877086e+00	2.199607e+00	6.349929e-01	6.194582e+00	-5.559590e+00
398           	5.861308e+00	2.196592e+00	6.436436e-01	6.183130e+00	-5.539486e+00
399           	5.843693e+00	2.191791e+00	6.480690e-01	6.167727e+00	-5.519658e+00
400           	5.824261e+00	2.185709e+00	6.499560e-01	6.149239e+00	-5.499283e+00
401           	5.805993e+00	2.178824e+00	6.474318e-01	6.129709e+00	-5.482277e+00
402           	5.791588e+00	2.172481e+00	6.420205e-01	6.112598e+00	-5.470578e+00
403           	5.782954e+00	2.167602e+00	6.348043e-01	6.100356e+00	-5.465551e+00
404           	5.780161e+00	2.164527e+00	6.270054e-01	6.093663e+00	-5.466658e+00
405           	5.783159e+00	2.163384e+00	6.192888e-01	6.092804e+00	-5.473515e+00
406           	5.792920e+00	2.164463e+00	6.116585e-01	6.098749e+00	-5.487091e+00
407           	5.810558e+00	2.168195e+00	6.043699e-01	6.112743e+00	-5.508373e+00
408           	5.834478e+00	2.174481e+00	5.988506e-01	6.133904e+00	-5.535053e+00
409           	5.859225e+00	2.182247e+00	5.975263e-01	6.157988e+00	-5.560461e+00
410           	5.876728e+00	2.189195e+00	6.016598e-01	6.177558e+00	-5.575898e+00
411           	5.883304e+00	2.193986e+00	6.109211e-01	6.188764e+00	-5.577843e+00
412           	5.879521e+00	2.196249e+00	6.234632e-01	6.191253e+00	-5.567789e+00
413           	5.871357e+00	2.197080e+00	6.363007e-01	6.189507e+00	-5.553206e+00
414           	5.859044e+00	2.196155e+00	6.479085e-01	6.182998e+00	-5.535089e+00
415           	5.843048e+00	2.193166e+00	6.565590e-01	6.171328e+00	-5.514769e+00
416           	5.824380e+00	2.188248e+00	6.614023e-01	6.155081e+00	-5.493679e+00
417           	5.805238e+00	2.182171e+00	6.625106e-01	6.136494e+00	-5.473983e+00
418           	5.789077e+00	2.176353e+00	6.608004e-01	6.119477e+00	-5.458677e+00
419           	5.775321e+00	2.170652e+00	6.565923e-01	6.103617e+00	-5.447025e+00
420           	5.765605e+00	2.165803e+00	6.506040e-01	6.090907e+00	-5.440303e+00
421           	5.759978e+00	2.161792e+00	6.427278e-01	6.081342e+00	-5.438614e+00
422           	5.757594e+00	2.159068e+00	6.355270e-01	6.075358e+00	-5.439831e+00
423           	5.758273e+00	2.157550e+00	6.290246e-01	6.072785e+00	-5.443761e+00
424           	5.761070e+00	2.157025e+00	6.236046e-01	6.072873e+00	-5.449268e+00
425           	5.765020e+00	2.157225e+00	6.195121e-01	6.074776e+00	-5.455264e+00
426           	5.770089e+00	2.158030e+00	6.163694e-01	6.078273e+00	-5.461904e+00
427           	5.776169e+00	2.159335e+00	6.139291e-01	6.083134e+00	-5.469205e+00
428           	5.783584e+00	2.161086e+00	6.116123e-01	6.089390e+00	-5.477778e+00
429           	5.793659e+00	2.163675e+00	6.092645e-01	6.098291e+00	-5.489027e+00
430           	5.806562e+00	2.167179e+00	6.069146e-01	6.110019e+00	-5.503104e+00
431           	5.822165e+00	2.171735e+00	6.051372e-01	6.124733e+00	-5.519596e+00
432           	5.838424e+00	2.176966e+00	6.048712e-01	6.140859e+00	-5.535988e+00
433           	5.851415e+00	2.181803e+00	6.068917e-01	6.154861e+00	-5.547969e+00
434           	5.858729e+00	2.185500e+00	6.113541e-01	6.164406e+00	-5.553052e+00
435           	5.860291e+00	2.187781e+00	6.174566e-01	6.169019e+00	-5.551563e+00
436           	5.856716e+00	2.188505e+00	6.240359e-01	6.168734e+00	-5.544698e+00
437           	5.850091e+00	2.187849e+00	6.293756e-01	6.164778e+00	-5.535403e+00
438           	5.841769e+00	2.185716e+00	6.315223e-01	6.157530e+00	-5.526008e+00
439           	5.833809e+00	2.182899e+00	6.308547e-01	6.149236e+00	-5.518381e+00
440           	5.827228e+00	2.179598e+00	6.268801e-01	6.140668e+00	-5.513788e+00
441           	5.821990e+00	2.175977e+00	6.202174e-01	6.132099e+00	-5.511882e+00
442           	5.819013e+00	2.172266e+00	6.105152e-01	6.124270e+00	-5.513755e+00
443           	5.816988e+00	2.169016e+00	6.011918e-01	6.117584e+00	-5.516392e+00
444           	5.816980e+00	2.166608e+00	5.923643e-01	6.113162e+00	-5.520798e+00
445           	5.820145e+00	2.165539e+00	5.845187e-01	6.112405e+00	-5.527886e+00
446           	5.827452e+00	2.166315e+00	5.783389e-01	6.116621e+00	-5.538282e+00
447           	5.838445e+00	2.168934e+00	5.743831e-01	6.125636e+00	-5.551253e+00
448           	5.851743e+00	2.173264e+00	5.737397e-01	6.138613e+00	-5.564873e+00
449           	5.862668e+00	2.178135e+00	5.777389e-01	6.151537e+00	-5.573798e+00
450           	5.865875e+00	2.181867e+00	5.866838e-01	6.159217e+00	-5.572533e+00
451           	5.859275e+00	2.183327e+00	5.991933e-01	6.158872e+00	-5.559678e+00
452           	5.846222e+00	2.183025e+00	6.132510e-01	6.152848e+00	-5.539597e+00
453           	5.830275e+00	2.181315e+00	6.260046e-01	6.143277e+00	-5.517273e+00
454           	5.813172e+00	2.178423e+00	6.360544e-01	6.131199e+00	-5.495144e+00
455           	5.794957e+00	2.174191e+00	6.426424e-01	6.116278e+00	-5.473636e+00
456           	5.776517e+00	2.168864e+00	6.454419e-01	6.099238e+00	-5.453796e+00
457           	5.759701e+00	2.163134e+00	6.446980e-01	6.082050e+00	-5.437352e+00
458           	5.747723e+00	2.158316e+00	6.413508e-01	6.068399e+00	-5.427048e+00
459           	5.738998e+00	2.153654e+00	6.347058e-01	6.056351e+00	-5.421645e+00
460           	5.736322e+00	2.150745e+00	6.271112e-01	6.049878e+00	-5.422767e+00
461           	5.738354e+00	2.149282e+00	6.192064e-01	6.047958e+00	-5.428751e+00
462           	5.744384e+00	2.149308e+00	6.119526e-01	6.050360e+00	-5.438407e+00
463           	5.754321e+00	2.150896e+00	6.057601e-01	6.057202e+00	-5.451441e+00
464           	5.767764e+00	2.153976e+00	6.008531e-01	6.068190e+00	-5.467337e+00
465           	5.783649e+00	2.158373e+00	5.978421e-01	6.082570e+00	-5.484728e+00
466           	5.799661e+00	2.163509e+00	5.973117e-01	6.098317e+00	-5.501005e+00
467           	5.814576e+00	2.168989e+00	5.993177e-01	6.114235e+00	-5.514917e+00
468           	5.828694e+00	2.174689e+00	6.031014e-01	6.130245e+00	-5.527144e+00
469           	5.841763e+00	2.180379e+00	6.081874e-01	6.145857e+00	-5.537669e+00
470           	5.853327e+00	2.185897e+00	6.144772e-01	6.160566e+00	-5.546089e+00
471           	5.862164e+00	2.190737e+00	6.216292e-01	6.172978e+00	-5.551349e+00
472           	5.865408e+00	2.193913e+00	6.294802e-01	6.180148e+00	-5.550668e+00
473           	5.861938e+00	2.194792e+00	6.371204e-01	6.180498e+00	-5.543378e+00
474           	5.852196e+00	2.193144e+00	6.431885e-01	6.173790e+00	-5.530602e+00
475           	5.836806e+00	2.188839e+00	6.464773e-01	6.160045e+00	-5.513568e+00
476           	5.820259e+00	2.183149e+00	6.460382e-01	6.143278e+00	-5.497240e+00
477           	5.803635e+00	2.176526e+00	6.421913e-01	6.124731e+00	-5.482540e+00
478           	5.788674e+00	2.169418e+00	6.344281e-01	6.105888e+00	-5.471460e+00
479           	5.778472e+00	2.163402e+00	6.247790e-01	6.090862e+00	-5.466083e+00
480           	5.773439e+00	2.158872e+00	6.142250e-01	6.080552e+00	-5.466327e+00
481           	5.773536e+00	2.156101e+00	6.038511e-01	6.075461e+00	-5.471610e+00
482           	5.779642e+00	2.155485e+00	5.940893e-01	6.076686e+00	-5.482597e+00
483           	5.792678e+00	2.157342e+00	5.850704e-01	6.085213e+00	-5.500143e+00
484           	5.812186e+00	2.161693e+00	5.773893e-01	6.100881e+00	-5.523491e+00
485           	5.833340e+00	2.167509e+00	5.729921e-01	6.119836e+00	-5.546844e+00
486           	5.851757e+00	2.173853e+00	5.735746e-01	6.138544e+00	-5.564970e+00
487           	5.862513e+00	2.179289e+00	5.798493e-01	6.152437e+00	-5.572588e+00
488           	5.865521e+00	2.183442e+00	5.907311e-01	6.160887e+00	-5.570156e+00
489           	5.862505e+00	2.186210e+00	6.040197e-01	6.164515e+00	-5.560496e+00
490           	5.855535e+00	2.187760e+00	6.179179e-01	6.164494e+00	-5.546576e+00
491           	5.845963e+00	2.187889e+00	6.301414e-01	6.161034e+00	-5.530893e+00
492           	5.833288e+00	2.186101e+00	6.394087e-01	6.152993e+00	-5.513584e+00
493           	5.818131e+00	2.182411e+00	6.448410e-01	6.140552e+00	-5.495711e+00
494           	5.802318e+00	2.177543e+00	6.466446e-01	6.125640e+00	-5.478995e+00
495           	5.785850e+00	2.171783e+00	6.459298e-01	6.108815e+00	-5.462885e+00
496           	5.773410e+00	2.166612e+00	6.424881e-01	6.094654e+00	-5.452166e+00
497           	5.765670e+00	2.162477e+00	6.371555e-01	6.084247e+00	-5.447092e+00
498           	5.762088e+00	2.159162e+00	6.298261e-01	6.077001e+00	-5.447175e+00
499           	5.761833e+00	2.157043e+00	6.227634e-01	6.073215e+00	-5.450451e+00
500           	5.764355e+00	2.156007e+00	6.162586e-01	6.072484e+00	-5.456225e+00
