# Force coefficients
# liftDir     : (0.000000e+00 0.000000e+00 1.000000e+00)
# dragDir     : (1.000000e+00 0.000000e+00 0.000000e+00)
# pitchAxis   : (0.000000e+00 1.000000e+00 0.000000e+00)
# magUInf     : 2.500000e+01
# lRef        : 1.420000e+00
# Aref        : 2.500000e-01
# CofR        : (7.200000e-01 0.000000e+00 0.000000e+00)
# Time        	Cm            	Cd            	Cl            	Cl(f)         	Cl(r)         
0             	5.539411e-03	1.281850e-02	1.464170e-03	6.271497e-03	-4.807326e-03
1             	-2.467104e-01	3.355492e-01	-7.533167e-01	-6.233687e-01	-1.299480e-01
2             	-4.030176e-01	4.744210e-01	-1.161891e+00	-9.839630e-01	-1.779279e-01
3             	-4.836313e-01	5.335767e-01	-1.357725e+00	-1.162494e+00	-1.952313e-01
4             	-5.320364e-01	5.582961e-01	-1.465275e+00	-1.264674e+00	-2.006012e-01
5             	-5.694914e-01	5.718383e-01	-1.544683e+00	-1.341833e+00	-2.028502e-01
6             	-6.020007e-01	5.810546e-01	-1.611733e+00	-1.407867e+00	-2.038656e-01
7             	-6.295937e-01	5.865279e-01	-1.665751e+00	-1.462469e+00	-2.032820e-01
8             	-6.530506e-01	5.885081e-01	-1.708384e+00	-1.507243e+00	-2.011416e-01
9             	-6.725074e-01	5.880372e-01	-1.741102e+00	-1.543058e+00	-1.980433e-01
10            	-6.886610e-01	5.863230e-01	-1.766574e+00	-1.571948e+00	-1.946258e-01
11            	-7.013236e-01	5.842882e-01	-1.785781e+00	-1.594214e+00	-1.915671e-01
12            	-7.123990e-01	5.826657e-01	-1.802778e+00	-1.613788e+00	-1.889898e-01
13            	-7.221935e-01	5.814414e-01	-1.818137e+00	-1.631262e+00	-1.868750e-01
14            	-7.304612e-01	5.803272e-01	-1.831215e+00	-1.646069e+00	-1.851463e-01
15            	-7.379875e-01	5.794475e-01	-1.843379e+00	-1.659677e+00	-1.837017e-01
16            	-7.445057e-01	5.783531e-01	-1.853740e+00	-1.671376e+00	-1.823640e-01
17            	-7.497253e-01	5.769926e-01	-1.861725e+00	-1.680588e+00	-1.811370e-01
18            	-7.549935e-01	5.761404e-01	-1.870272e+00	-1.690129e+00	-1.801425e-01
19            	-7.597553e-01	5.753058e-01	-1.877961e+00	-1.698736e+00	-1.792250e-01
20            	-7.637056e-01	5.742216e-01	-1.883987e+00	-1.705699e+00	-1.782880e-01
21            	-7.671095e-01	5.730672e-01	-1.888957e+00	-1.711588e+00	-1.773692e-01
22            	-7.695899e-01	5.718463e-01	-1.892284e+00	-1.715732e+00	-1.765522e-01
23            	-7.721343e-01	5.708784e-01	-1.895879e+00	-1.720074e+00	-1.758051e-01
24            	-7.743695e-01	5.700329e-01	-1.899030e+00	-1.723884e+00	-1.751455e-01
25            	-7.762278e-01	5.692263e-01	-1.901546e+00	-1.727001e+00	-1.745452e-01
26            	-7.777528e-01	5.684070e-01	-1.903455e+00	-1.729480e+00	-1.739745e-01
27            	-7.790089e-01	5.676039e-01	-1.904893e+00	-1.731455e+00	-1.734376e-01
28            	-7.800941e-01	5.668500e-01	-1.906056e+00	-1.733122e+00	-1.729337e-01
29            	-7.810902e-01	5.661857e-01	-1.907115e+00	-1.734647e+00	-1.724671e-01
30            	-7.820244e-01	5.656199e-01	-1.908131e+00	-1.736090e+00	-1.720411e-01
31            	-7.827222e-01	5.652926e-01	-1.908984e+00	-1.737214e+00	-1.717699e-01
32            	-7.835064e-01	5.650185e-01	-1.910004e+00	-1.738508e+00	-1.714956e-01
33            	-7.841817e-01	5.648376e-01	-1.910929e+00	-1.739646e+00	-1.712828e-01
34            	-7.846466e-01	5.647289e-01	-1.911583e+00	-1.740438e+00	-1.711447e-01
35            	-7.848561e-01	5.646711e-01	-1.911872e+00	-1.740792e+00	-1.710797e-01
36            	-7.848378e-01	5.646438e-01	-1.911824e+00	-1.740750e+00	-1.710744e-01
37            	-7.846251e-01	5.646341e-01	-1.911476e+00	-1.740363e+00	-1.711129e-01
38            	-7.843186e-01	5.646393e-01	-1.910988e+00	-1.739813e+00	-1.711754e-01
39            	-7.840104e-01	5.646552e-01	-1.910502e+00	-1.739261e+00	-1.712404e-01
40            	-7.837755e-01	5.646676e-01	-1.910125e+00	-1.738838e+00	-1.712871e-01
41            	-7.836489e-01	5.646786e-01	-1.909916e+00	-1.738607e+00	-1.713092e-01
42            	-7.836528e-01	5.646867e-01	-1.909912e+00	-1.738609e+00	-1.713034e-01
43            	-7.837729e-01	5.647302e-01	-1.910131e+00	-1.738838e+00	-1.712924e-01
44            	-7.838410e-01	5.648321e-01	-1.910304e+00	-1.738993e+00	-1.713109e-01
45            	-7.843405e-01	5.649102e-01	-1.911170e+00	-1.739926e+00	-1.712445e-01
46            	-7.845257e-01	5.650139e-01	-1.911537e+00	-1.740294e+00	-1.712427e-01
47            	-7.848435e-01	5.651194e-01	-1.912131e+00	-1.740909e+00	-1.712222e-01
48            	-7.852597e-01	5.652639e-01	-1.912933e+00	-1.741726e+00	-1.712066e-01
49            	-7.857024e-01	5.654278e-01	-1.913809e+00	-1.742607e+00	-1.712020e-01
50            	-7.861128e-01	5.656178e-01	-1.914671e+00	-1.743449e+00	-1.712229e-01
51            	-7.864651e-01	5.658148e-01	-1.915460e+00	-1.744195e+00	-1.712650e-01
52            	-7.867394e-01	5.660311e-01	-1.916154e+00	-1.744816e+00	-1.713376e-01
53            	-7.869227e-01	5.662558e-01	-1.916717e+00	-1.745281e+00	-1.714356e-01
54            	-7.870077e-01	5.664941e-01	-1.917142e+00	-1.745579e+00	-1.715635e-01
55            	-7.869958e-01	5.667302e-01	-1.917412e+00	-1.745702e+00	-1.717104e-01
56            	-7.869071e-01	5.669543e-01	-1.917548e+00	-1.745681e+00	-1.718670e-01
57            	-7.867699e-01	5.671575e-01	-1.917580e+00	-1.745560e+00	-1.720202e-01
58            	-7.866176e-01	5.673516e-01	-1.917572e+00	-1.745404e+00	-1.721687e-01
59            	-7.864832e-01	5.675200e-01	-1.917559e+00	-1.745263e+00	-1.722964e-01
60            	-7.863954e-01	5.676747e-01	-1.917598e+00	-1.745194e+00	-1.724035e-01
61            	-7.863781e-01	5.678012e-01	-1.917711e+00	-1.745234e+00	-1.724774e-01
62            	-7.864476e-01	5.679195e-01	-1.917947e+00	-1.745421e+00	-1.725258e-01
63            	-7.866124e-01	5.680237e-01	-1.918315e+00	-1.745770e+00	-1.725451e-01
64            	-7.868454e-01	5.681209e-01	-1.918781e+00	-1.746236e+00	-1.725450e-01
65            	-7.871335e-01	5.682034e-01	-1.919316e+00	-1.746791e+00	-1.725244e-01
66            	-7.874580e-01	5.682845e-01	-1.919908e+00	-1.747412e+00	-1.724958e-01
67            	-7.877852e-01	5.683482e-01	-1.920486e+00	-1.748028e+00	-1.724578e-01
68            	-7.880965e-01	5.684138e-01	-1.921042e+00	-1.748617e+00	-1.724243e-01
69            	-7.883723e-01	5.684681e-01	-1.921530e+00	-1.749137e+00	-1.723925e-01
70            	-7.885956e-01	5.685274e-01	-1.921937e+00	-1.749564e+00	-1.723731e-01
71            	-7.887564e-01	5.685787e-01	-1.922236e+00	-1.749875e+00	-1.723617e-01
72            	-7.888498e-01	5.686339e-01	-1.922431e+00	-1.750065e+00	-1.723659e-01
73            	-7.888749e-01	5.686858e-01	-1.922515e+00	-1.750133e+00	-1.723828e-01
74            	-7.888459e-01	5.687462e-01	-1.922524e+00	-1.750108e+00	-1.724160e-01
75            	-7.887750e-01	5.687939e-01	-1.922456e+00	-1.750003e+00	-1.724529e-01
76            	-7.886674e-01	5.688434e-01	-1.922333e+00	-1.749834e+00	-1.724990e-01
77            	-7.885353e-01	5.688848e-01	-1.922165e+00	-1.749618e+00	-1.725470e-01
78            	-7.883879e-01	5.689296e-01	-1.921978e+00	-1.749377e+00	-1.726010e-01
79            	-7.882344e-01	5.689650e-01	-1.921774e+00	-1.749121e+00	-1.726526e-01
80            	-7.880826e-01	5.690027e-01	-1.921577e+00	-1.748871e+00	-1.727059e-01
81            	-7.879397e-01	5.690303e-01	-1.921385e+00	-1.748632e+00	-1.727530e-01
82            	-7.878096e-01	5.690559e-01	-1.921212e+00	-1.748416e+00	-1.727965e-01
83            	-7.876955e-01	5.690688e-01	-1.921051e+00	-1.748221e+00	-1.728301e-01
84            	-7.876000e-01	5.690779e-01	-1.920915e+00	-1.748057e+00	-1.728575e-01
85            	-7.875228e-01	5.690717e-01	-1.920791e+00	-1.747918e+00	-1.728725e-01
86            	-7.874599e-01	5.690649e-01	-1.920685e+00	-1.747803e+00	-1.728828e-01
87            	-7.874142e-01	5.690415e-01	-1.920589e+00	-1.747709e+00	-1.728801e-01
88            	-7.873821e-01	5.690221e-01	-1.920514e+00	-1.747639e+00	-1.728751e-01
89            	-7.873576e-01	5.689952e-01	-1.920443e+00	-1.747579e+00	-1.728638e-01
90            	-7.873379e-01	5.689660e-01	-1.920374e+00	-1.747525e+00	-1.728492e-01
91            	-7.873223e-01	5.689302e-01	-1.920304e+00	-1.747474e+00	-1.728296e-01
92            	-7.873103e-01	5.688947e-01	-1.920238e+00	-1.747429e+00	-1.728087e-01
93            	-7.873063e-01	5.689000e-01	-1.920235e+00	-1.747424e+00	-1.728111e-01
94            	-7.872968e-01	5.688277e-01	-1.920138e+00	-1.747366e+00	-1.727722e-01
95            	-7.872925e-01	5.687753e-01	-1.920067e+00	-1.747326e+00	-1.727411e-01
96            	-7.872899e-01	5.687774e-01	-1.920065e+00	-1.747322e+00	-1.727427e-01
97            	-7.872824e-01	5.687314e-01	-1.919985e+00	-1.747275e+00	-1.727101e-01
98            	-7.872782e-01	5.686906e-01	-1.919922e+00	-1.747239e+00	-1.726829e-01
99            	-7.872760e-01	5.686912e-01	-1.919920e+00	-1.747236e+00	-1.726839e-01
100           	-7.872676e-01	5.686578e-01	-1.919850e+00	-1.747193e+00	-1.726575e-01
101           	-7.872652e-01	5.686574e-01	-1.919846e+00	-1.747188e+00	-1.726579e-01
102           	-7.872575e-01	5.686528e-01	-1.919812e+00	-1.747163e+00	-1.726484e-01
103           	-7.872545e-01	5.686545e-01	-1.919809e+00	-1.747159e+00	-1.726499e-01
104           	-7.872587e-01	5.686523e-01	-1.919799e+00	-1.747158e+00	-1.726408e-01
105           	-7.872568e-01	5.686522e-01	-1.919796e+00	-1.747155e+00	-1.726415e-01
106           	-7.872702e-01	5.686846e-01	-1.919843e+00	-1.747192e+00	-1.726515e-01
107           	-7.872691e-01	5.686842e-01	-1.919843e+00	-1.747190e+00	-1.726521e-01
108           	-7.872981e-01	5.687143e-01	-1.919917e+00	-1.747257e+00	-1.726603e-01
109           	-7.872977e-01	5.687112e-01	-1.919915e+00	-1.747255e+00	-1.726596e-01
110           	-7.873384e-01	5.687753e-01	-1.920046e+00	-1.747361e+00	-1.726846e-01
111           	-7.873376e-01	5.687761e-01	-1.920047e+00	-1.747361e+00	-1.726857e-01
112           	-7.873936e-01	5.688391e-01	-1.920203e+00	-1.747495e+00	-1.727079e-01
113           	-7.873943e-01	5.688362e-01	-1.920203e+00	-1.747496e+00	-1.727073e-01
114           	-7.874591e-01	5.689210e-01	-1.920398e+00	-1.747658e+00	-1.727398e-01
115           	-7.874587e-01	5.689224e-01	-1.920399e+00	-1.747658e+00	-1.727408e-01
116           	-7.875383e-01	5.689846e-01	-1.920597e+00	-1.747837e+00	-1.727602e-01
117           	-7.875388e-01	5.689827e-01	-1.920597e+00	-1.747837e+00	-1.727597e-01
118           	-7.876130e-01	5.690547e-01	-1.920794e+00	-1.748010e+00	-1.727839e-01
119           	-7.876136e-01	5.690560e-01	-1.920797e+00	-1.748012e+00	-1.727846e-01
120           	-7.876861e-01	5.690995e-01	-1.920962e+00	-1.748167e+00	-1.727947e-01
121           	-7.876860e-01	5.690980e-01	-1.920960e+00	-1.748166e+00	-1.727942e-01
122           	-7.877565e-01	5.691483e-01	-1.921132e+00	-1.748323e+00	-1.728097e-01
123           	-7.877577e-01	5.691497e-01	-1.921136e+00	-1.748326e+00	-1.728103e-01
124           	-7.878242e-01	5.691697e-01	-1.921264e+00	-1.748456e+00	-1.728079e-01
125           	-7.878252e-01	5.691682e-01	-1.921265e+00	-1.748458e+00	-1.728073e-01
126           	-7.878825e-01	5.691981e-01	-1.921393e+00	-1.748579e+00	-1.728139e-01
127           	-7.878841e-01	5.692002e-01	-1.921398e+00	-1.748583e+00	-1.728148e-01
128           	-7.879369e-01	5.692035e-01	-1.921482e+00	-1.748678e+00	-1.728041e-01
129           	-7.879381e-01	5.692020e-01	-1.921483e+00	-1.748680e+00	-1.728033e-01
130           	-7.879919e-01	5.691924e-01	-1.921566e+00	-1.748775e+00	-1.727912e-01
131           	-7.879941e-01	5.691898e-01	-1.921567e+00	-1.748778e+00	-1.727895e-01
132           	-7.880462e-01	5.691770e-01	-1.921634e+00	-1.748863e+00	-1.727708e-01
133           	-7.880469e-01	5.691769e-01	-1.921634e+00	-1.748864e+00	-1.727702e-01
134           	-7.880916e-01	5.691785e-01	-1.921703e+00	-1.748943e+00	-1.727597e-01
135           	-7.880927e-01	5.691779e-01	-1.921704e+00	-1.748945e+00	-1.727591e-01
136           	-7.880974e-01	5.691664e-01	-1.921705e+00	-1.748950e+00	-1.727549e-01
137           	-7.881286e-01	5.691519e-01	-1.921714e+00	-1.748986e+00	-1.727285e-01
138           	-7.881287e-01	5.691562e-01	-1.921715e+00	-1.748986e+00	-1.727288e-01
139           	-7.881477e-01	5.691375e-01	-1.921714e+00	-1.749005e+00	-1.727095e-01
140           	-7.881507e-01	5.691338e-01	-1.921716e+00	-1.749009e+00	-1.727074e-01
141           	-7.881672e-01	5.691094e-01	-1.921708e+00	-1.749021e+00	-1.726868e-01
142           	-7.881692e-01	5.691065e-01	-1.921709e+00	-1.749024e+00	-1.726852e-01
143           	-7.881877e-01	5.690944e-01	-1.921718e+00	-1.749047e+00	-1.726714e-01
144           	-7.881908e-01	5.690919e-01	-1.921721e+00	-1.749051e+00	-1.726698e-01
145           	-7.881980e-01	5.690870e-01	-1.921712e+00	-1.749054e+00	-1.726582e-01
146           	-7.882012e-01	5.690868e-01	-1.921716e+00	-1.749059e+00	-1.726570e-01
147           	-7.882095e-01	5.690796e-01	-1.921711e+00	-1.749065e+00	-1.726462e-01
148           	-7.882133e-01	5.690774e-01	-1.921716e+00	-1.749071e+00	-1.726445e-01
149           	-7.882111e-01	5.690660e-01	-1.921687e+00	-1.749055e+00	-1.726322e-01
150           	-7.882136e-01	5.690683e-01	-1.921691e+00	-1.749059e+00	-1.726319e-01
151           	-7.881972e-01	5.690604e-01	-1.921645e+00	-1.749020e+00	-1.726255e-01
152           	-7.882009e-01	5.690603e-01	-1.921651e+00	-1.749026e+00	-1.726247e-01
153           	-7.881780e-01	5.690364e-01	-1.921576e+00	-1.748966e+00	-1.726103e-01
154           	-7.881811e-01	5.690388e-01	-1.921582e+00	-1.748972e+00	-1.726100e-01
155           	-7.881541e-01	5.690344e-01	-1.921522e+00	-1.748915e+00	-1.726069e-01
156           	-7.881575e-01	5.690355e-01	-1.921527e+00	-1.748921e+00	-1.726062e-01
157           	-7.881187e-01	5.690141e-01	-1.921429e+00	-1.748833e+00	-1.725956e-01
158           	-7.881210e-01	5.690183e-01	-1.921434e+00	-1.748838e+00	-1.725958e-01
159           	-7.880782e-01	5.690036e-01	-1.921342e+00	-1.748749e+00	-1.725926e-01
160           	-7.880804e-01	5.690092e-01	-1.921349e+00	-1.748755e+00	-1.725939e-01
161           	-7.880422e-01	5.689754e-01	-1.921241e+00	-1.748663e+00	-1.725782e-01
162           	-7.880430e-01	5.689817e-01	-1.921245e+00	-1.748665e+00	-1.725793e-01
163           	-7.879760e-01	5.689771e-01	-1.921117e+00	-1.748535e+00	-1.725827e-01
164           	-7.879777e-01	5.689805e-01	-1.921122e+00	-1.748539e+00	-1.725832e-01
165           	-7.879061e-01	5.689114e-01	-1.920930e+00	-1.748371e+00	-1.725587e-01
166           	-7.879054e-01	5.689179e-01	-1.920931e+00	-1.748371e+00	-1.725601e-01
167           	-7.878385e-01	5.688769e-01	-1.920776e+00	-1.748227e+00	-1.725498e-01
168           	-7.878354e-01	5.688889e-01	-1.920779e+00	-1.748225e+00	-1.725540e-01
169           	-7.877582e-01	5.688283e-01	-1.920585e+00	-1.748051e+00	-1.725343e-01
170           	-7.877525e-01	5.688427e-01	-1.920584e+00	-1.748044e+00	-1.725394e-01
171           	-7.876523e-01	5.687682e-01	-1.920353e+00	-1.747829e+00	-1.725243e-01
172           	-7.876478e-01	5.687751e-01	-1.920350e+00	-1.747823e+00	-1.725273e-01
173           	-7.875363e-01	5.686707e-01	-1.920081e+00	-1.747577e+00	-1.725040e-01
174           	-7.875306e-01	5.686776e-01	-1.920076e+00	-1.747568e+00	-1.725072e-01
175           	-7.873825e-01	5.685814e-01	-1.919755e+00	-1.747260e+00	-1.724950e-01
176           	-7.872438e-01	5.685244e-01	-1.919467e+00	-1.746977e+00	-1.724897e-01
177           	-7.872395e-01	5.685335e-01	-1.919466e+00	-1.746973e+00	-1.724934e-01
178           	-7.870732e-01	5.683713e-01	-1.919065e+00	-1.746606e+00	-1.724594e-01
179           	-7.870698e-01	5.683665e-01	-1.919057e+00	-1.746598e+00	-1.724586e-01
180           	-7.868933e-01	5.682146e-01	-1.918645e+00	-1.746216e+00	-1.724294e-01
181           	-7.867197e-01	5.681774e-01	-1.918313e+00	-1.745876e+00	-1.724368e-01
182           	-7.865871e-01	5.681491e-01	-1.918062e+00	-1.745618e+00	-1.724440e-01
183           	-7.864880e-01	5.680911e-01	-1.917852e+00	-1.745414e+00	-1.724380e-01
184           	-7.864857e-01	5.680843e-01	-1.917844e+00	-1.745408e+00	-1.724364e-01
185           	-7.864138e-01	5.679097e-01	-1.917578e+00	-1.745203e+00	-1.723754e-01
186           	-7.863305e-01	5.678461e-01	-1.917380e+00	-1.745021e+00	-1.723597e-01
187           	-7.863295e-01	5.678375e-01	-1.917375e+00	-1.745017e+00	-1.723579e-01
188           	-7.862835e-01	5.677526e-01	-1.917224e+00	-1.744895e+00	-1.723284e-01
189           	-7.862398e-01	5.677132e-01	-1.917116e+00	-1.744798e+00	-1.723182e-01
190           	-7.862403e-01	5.677024e-01	-1.917112e+00	-1.744796e+00	-1.723155e-01
191           	-7.862403e-01	5.676696e-01	-1.917066e+00	-1.744774e+00	-1.722929e-01
192           	-7.862401e-01	5.676553e-01	-1.917055e+00	-1.744768e+00	-1.722875e-01
193           	-7.862468e-01	5.677295e-01	-1.917127e+00	-1.744810e+00	-1.723169e-01
194           	-7.862498e-01	5.677817e-01	-1.917168e+00	-1.744834e+00	-1.723344e-01
195           	-7.862506e-01	5.677717e-01	-1.917164e+00	-1.744833e+00	-1.723317e-01
196           	-7.863146e-01	5.677976e-01	-1.917277e+00	-1.744953e+00	-1.723238e-01
197           	-7.863164e-01	5.677842e-01	-1.917272e+00	-1.744952e+00	-1.723194e-01
198           	-7.863621e-01	5.678515e-01	-1.917402e+00	-1.745063e+00	-1.723390e-01
199           	-7.864053e-01	5.679064e-01	-1.917524e+00	-1.745167e+00	-1.723567e-01
200           	-7.864465e-01	5.679384e-01	-1.917620e+00	-1.745257e+00	-1.723637e-01
201           	-7.864982e-01	5.679482e-01	-1.917720e+00	-1.745358e+00	-1.723619e-01
202           	-7.865013e-01	5.679345e-01	-1.917717e+00	-1.745360e+00	-1.723575e-01
203           	-7.865536e-01	5.679725e-01	-1.917826e+00	-1.745466e+00	-1.723592e-01
204           	-7.865812e-01	5.680199e-01	-1.917916e+00	-1.745539e+00	-1.723767e-01
205           	-7.865853e-01	5.680070e-01	-1.917915e+00	-1.745543e+00	-1.723724e-01
206           	-7.866383e-01	5.680274e-01	-1.918023e+00	-1.745650e+00	-1.723730e-01
207           	-7.866867e-01	5.680579e-01	-1.918142e+00	-1.745758e+00	-1.723842e-01
208           	-7.866903e-01	5.680459e-01	-1.918141e+00	-1.745761e+00	-1.723803e-01
209           	-7.867409e-01	5.680931e-01	-1.918273e+00	-1.745877e+00	-1.723956e-01
210           	-7.867440e-01	5.680797e-01	-1.918268e+00	-1.745878e+00	-1.723899e-01
211           	-7.867929e-01	5.681973e-01	-1.918478e+00	-1.746032e+00	-1.724459e-01
212           	-7.868522e-01	5.682718e-01	-1.918672e+00	-1.746188e+00	-1.724836e-01
213           	-7.868578e-01	5.682593e-01	-1.918673e+00	-1.746195e+00	-1.724789e-01
214           	-7.869567e-01	5.683211e-01	-1.918918e+00	-1.746416e+00	-1.725023e-01
215           	-7.869581e-01	5.683154e-01	-1.918916e+00	-1.746416e+00	-1.725000e-01
216           	-7.870397e-01	5.684086e-01	-1.919169e+00	-1.746624e+00	-1.725449e-01
217           	-7.870433e-01	5.683986e-01	-1.919169e+00	-1.746628e+00	-1.725412e-01
218           	-7.871534e-01	5.684168e-01	-1.919398e+00	-1.746852e+00	-1.725455e-01
219           	-7.871542e-01	5.684133e-01	-1.919394e+00	-1.746851e+00	-1.725429e-01
220           	-7.872203e-01	5.685249e-01	-1.919635e+00	-1.747038e+00	-1.725974e-01
221           	-7.872671e-01	5.685448e-01	-1.919759e+00	-1.747147e+00	-1.726125e-01
222           	-7.872708e-01	5.685372e-01	-1.919761e+00	-1.747151e+00	-1.726096e-01
223           	-7.873390e-01	5.685170e-01	-1.919869e+00	-1.747273e+00	-1.725954e-01
224           	-7.873319e-01	5.685616e-01	-1.919886e+00	-1.747275e+00	-1.726114e-01
225           	-7.873275e-01	5.685765e-01	-1.919888e+00	-1.747272e+00	-1.726168e-01
226           	-7.873087e-01	5.685236e-01	-1.919811e+00	-1.747214e+00	-1.725968e-01
227           	-7.872623e-01	5.684635e-01	-1.919676e+00	-1.747101e+00	-1.725759e-01
228           	-7.872625e-01	5.684673e-01	-1.919679e+00	-1.747102e+00	-1.725770e-01
229           	-7.872279e-01	5.683572e-01	-1.919510e+00	-1.746983e+00	-1.725270e-01
230           	-7.871369e-01	5.683265e-01	-1.919296e+00	-1.746785e+00	-1.725108e-01
231           	-7.871326e-01	5.683472e-01	-1.919301e+00	-1.746783e+00	-1.725180e-01
232           	-7.870408e-01	5.682347e-01	-1.919018e+00	-1.746550e+00	-1.724683e-01
233           	-7.870366e-01	5.682434e-01	-1.919014e+00	-1.746544e+00	-1.724704e-01
234           	-7.869243e-01	5.681533e-01	-1.918732e+00	-1.746290e+00	-1.724415e-01
235           	-7.868055e-01	5.680689e-01	-1.918429e+00	-1.746020e+00	-1.724091e-01
236           	-7.868061e-01	5.680807e-01	-1.918437e+00	-1.746025e+00	-1.724126e-01
237           	-7.866840e-01	5.679314e-01	-1.918062e+00	-1.745715e+00	-1.723469e-01
238           	-7.866810e-01	5.679391e-01	-1.918062e+00	-1.745712e+00	-1.723499e-01
239           	-7.865637e-01	5.678314e-01	-1.917730e+00	-1.745429e+00	-1.723013e-01
240           	-7.865610e-01	5.678403e-01	-1.917731e+00	-1.745427e+00	-1.723045e-01
241           	-7.864490e-01	5.676696e-01	-1.917338e+00	-1.745118e+00	-1.722201e-01
242           	-7.864490e-01	5.676711e-01	-1.917336e+00	-1.745117e+00	-1.722192e-01
243           	-7.863416e-01	5.676078e-01	-1.917062e+00	-1.744873e+00	-1.721896e-01
244           	-7.863406e-01	5.676187e-01	-1.917069e+00	-1.744875e+00	-1.721937e-01
245           	-7.862680e-01	5.674911e-01	-1.916783e+00	-1.744659e+00	-1.721234e-01
246           	-7.862684e-01	5.674917e-01	-1.916783e+00	-1.744660e+00	-1.721232e-01
247           	-7.862001e-01	5.674660e-01	-1.916619e+00	-1.744510e+00	-1.721094e-01
248           	-7.861794e-01	5.674507e-01	-1.916540e+00	-1.744449e+00	-1.720907e-01
249           	-7.861785e-01	5.674610e-01	-1.916546e+00	-1.744452e+00	-1.720946e-01
250           	-7.861708e-01	5.673618e-01	-1.916420e+00	-1.744381e+00	-1.720392e-01
251           	-7.861705e-01	5.673643e-01	-1.916421e+00	-1.744381e+00	-1.720401e-01
252           	-7.861768e-01	5.673414e-01	-1.916394e+00	-1.744374e+00	-1.720201e-01
253           	-7.861764e-01	5.673462e-01	-1.916397e+00	-1.744375e+00	-1.720220e-01
254           	-7.862088e-01	5.672299e-01	-1.916320e+00	-1.744369e+00	-1.719513e-01
255           	-7.862079e-01	5.672279e-01	-1.916314e+00	-1.744365e+00	-1.719493e-01
256           	-7.862250e-01	5.672642e-01	-1.916365e+00	-1.744408e+00	-1.719576e-01
257           	-7.862255e-01	5.672692e-01	-1.916372e+00	-1.744411e+00	-1.719603e-01
258           	-7.862955e-01	5.672080e-01	-1.916417e+00	-1.744504e+00	-1.719132e-01
259           	-7.862969e-01	5.672048e-01	-1.916418e+00	-1.744506e+00	-1.719120e-01
260           	-7.863594e-01	5.672629e-01	-1.916572e+00	-1.744645e+00	-1.719265e-01
261           	-7.863595e-01	5.672673e-01	-1.916578e+00	-1.744648e+00	-1.719293e-01
262           	-7.864597e-01	5.672388e-01	-1.916700e+00	-1.744809e+00	-1.718901e-01
263           	-7.864587e-01	5.672366e-01	-1.916696e+00	-1.744807e+00	-1.718893e-01
264           	-7.865461e-01	5.673653e-01	-1.916959e+00	-1.745026e+00	-1.719333e-01
265           	-7.865462e-01	5.673697e-01	-1.916966e+00	-1.745029e+00	-1.719366e-01
266           	-7.866800e-01	5.673647e-01	-1.917168e+00	-1.745264e+00	-1.719041e-01
267           	-7.866805e-01	5.673615e-01	-1.917167e+00	-1.745264e+00	-1.719030e-01
268           	-7.867932e-01	5.674871e-01	-1.917469e+00	-1.745528e+00	-1.719415e-01
269           	-7.867928e-01	5.674919e-01	-1.917475e+00	-1.745530e+00	-1.719445e-01
270           	-7.869282e-01	5.674794e-01	-1.917670e+00	-1.745763e+00	-1.719066e-01
271           	-7.869268e-01	5.674787e-01	-1.917666e+00	-1.745760e+00	-1.719060e-01
272           	-7.870252e-01	5.676157e-01	-1.917954e+00	-1.746002e+00	-1.719520e-01
273           	-7.870248e-01	5.676216e-01	-1.917961e+00	-1.746005e+00	-1.719556e-01
274           	-7.871428e-01	5.676095e-01	-1.918134e+00	-1.746210e+00	-1.719241e-01
275           	-7.871430e-01	5.676076e-01	-1.918133e+00	-1.746209e+00	-1.719234e-01
276           	-7.872311e-01	5.677027e-01	-1.918367e+00	-1.746415e+00	-1.719523e-01
277           	-7.872301e-01	5.677114e-01	-1.918373e+00	-1.746417e+00	-1.719564e-01
278           	-7.873296e-01	5.676773e-01	-1.918495e+00	-1.746577e+00	-1.719179e-01
279           	-7.873283e-01	5.676758e-01	-1.918491e+00	-1.746574e+00	-1.719171e-01
280           	-7.873919e-01	5.677751e-01	-1.918696e+00	-1.746740e+00	-1.719561e-01
281           	-7.873912e-01	5.677840e-01	-1.918703e+00	-1.746743e+00	-1.719604e-01
282           	-7.874716e-01	5.677409e-01	-1.918797e+00	-1.746870e+00	-1.719268e-01
283           	-7.874711e-01	5.677405e-01	-1.918795e+00	-1.746869e+00	-1.719265e-01
284           	-7.875250e-01	5.677885e-01	-1.918943e+00	-1.746996e+00	-1.719464e-01
285           	-7.875243e-01	5.677955e-01	-1.918948e+00	-1.746998e+00	-1.719497e-01
286           	-7.875928e-01	5.677137e-01	-1.918986e+00	-1.747086e+00	-1.719003e-01
287           	-7.875923e-01	5.677105e-01	-1.918981e+00	-1.747083e+00	-1.718984e-01
288           	-7.876267e-01	5.677526e-01	-1.919091e+00	-1.747172e+00	-1.719186e-01
289           	-7.876249e-01	5.677613e-01	-1.919095e+00	-1.747172e+00	-1.719228e-01
290           	-7.876836e-01	5.676494e-01	-1.919097e+00	-1.747232e+00	-1.718648e-01
291           	-7.876826e-01	5.676480e-01	-1.919093e+00	-1.747229e+00	-1.718638e-01
292           	-7.877094e-01	5.676470e-01	-1.919151e+00	-1.747285e+00	-1.718663e-01
293           	-7.877090e-01	5.676511e-01	-1.919155e+00	-1.747287e+00	-1.718686e-01
294           	-7.877439e-01	5.675029e-01	-1.919070e+00	-1.747279e+00	-1.717912e-01
295           	-7.877417e-01	5.675022e-01	-1.919064e+00	-1.747274e+00	-1.717903e-01
296           	-7.877443e-01	5.674939e-01	-1.919070e+00	-1.747279e+00	-1.717905e-01
297           	-7.877417e-01	5.675011e-01	-1.919072e+00	-1.747278e+00	-1.717942e-01
298           	-7.877510e-01	5.673502e-01	-1.918940e+00	-1.747221e+00	-1.717190e-01
299           	-7.877520e-01	5.673425e-01	-1.918936e+00	-1.747220e+00	-1.717160e-01
300           	-7.877280e-01	5.673086e-01	-1.918874e+00	-1.747165e+00	-1.717091e-01
301           	-7.877296e-01	5.673063e-01	-1.918877e+00	-1.747168e+00	-1.717091e-01
302           	-7.877079e-01	5.671562e-01	-1.918694e+00	-1.747055e+00	-1.716391e-01
303           	-7.877079e-01	5.671457e-01	-1.918686e+00	-1.747051e+00	-1.716353e-01
304           	-7.876584e-01	5.671184e-01	-1.918585e+00	-1.746951e+00	-1.716339e-01
305           	-7.876600e-01	5.671131e-01	-1.918586e+00	-1.746953e+00	-1.716332e-01
306           	-7.876160e-01	5.669981e-01	-1.918397e+00	-1.746814e+00	-1.715825e-01
307           	-7.876164e-01	5.669867e-01	-1.918390e+00	-1.746811e+00	-1.715784e-01
308           	-7.875538e-01	5.669634e-01	-1.918266e+00	-1.746687e+00	-1.715790e-01
309           	-7.875544e-01	5.669550e-01	-1.918261e+00	-1.746685e+00	-1.715764e-01
310           	-7.874995e-01	5.668636e-01	-1.918081e+00	-1.746540e+00	-1.715409e-01
311           	-7.874990e-01	5.668520e-01	-1.918071e+00	-1.746535e+00	-1.715367e-01
312           	-7.874416e-01	5.668520e-01	-1.917975e+00	-1.746429e+00	-1.715460e-01
313           	-7.874426e-01	5.668411e-01	-1.917971e+00	-1.746428e+00	-1.715429e-01
314           	-7.874031e-01	5.668249e-01	-1.917888e+00	-1.746347e+00	-1.715411e-01
315           	-7.874019e-01	5.668192e-01	-1.917883e+00	-1.746343e+00	-1.715394e-01
316           	-7.873987e-01	5.668268e-01	-1.917882e+00	-1.746340e+00	-1.715424e-01
317           	-7.873563e-01	5.667656e-01	-1.917754e+00	-1.746233e+00	-1.715205e-01
318           	-7.873521e-01	5.667692e-01	-1.917748e+00	-1.746226e+00	-1.715217e-01
319           	-7.873063e-01	5.667997e-01	-1.917705e+00	-1.746159e+00	-1.715462e-01
320           	-7.873009e-01	5.668049e-01	-1.917698e+00	-1.746150e+00	-1.715483e-01
321           	-7.873019e-01	5.668078e-01	-1.917702e+00	-1.746153e+00	-1.715492e-01
322           	-7.872727e-01	5.667871e-01	-1.917642e+00	-1.746094e+00	-1.715484e-01
323           	-7.872723e-01	5.667870e-01	-1.917642e+00	-1.746093e+00	-1.715487e-01
324           	-7.872743e-01	5.667806e-01	-1.917643e+00	-1.746096e+00	-1.715473e-01
325           	-7.872518e-01	5.667881e-01	-1.917605e+00	-1.746054e+00	-1.715505e-01
326           	-7.872441e-01	5.668012e-01	-1.917598e+00	-1.746043e+00	-1.715549e-01
327           	-7.872475e-01	5.667915e-01	-1.917598e+00	-1.746047e+00	-1.715517e-01
328           	-7.871909e-01	5.667739e-01	-1.917486e+00	-1.745934e+00	-1.715521e-01
329           	-7.871879e-01	5.667790e-01	-1.917484e+00	-1.745930e+00	-1.715540e-01
330           	-7.871870e-01	5.668440e-01	-1.917536e+00	-1.745955e+00	-1.715813e-01
331           	-7.871819e-01	5.668510e-01	-1.917532e+00	-1.745948e+00	-1.715838e-01
332           	-7.871859e-01	5.668412e-01	-1.917533e+00	-1.745952e+00	-1.715805e-01
333           	-7.871578e-01	5.668589e-01	-1.917498e+00	-1.745907e+00	-1.715909e-01
334           	-7.871558e-01	5.668562e-01	-1.917491e+00	-1.745901e+00	-1.715899e-01
335           	-7.871393e-01	5.668686e-01	-1.917487e+00	-1.745883e+00	-1.716044e-01
336           	-7.871432e-01	5.669249e-01	-1.917543e+00	-1.745915e+00	-1.716282e-01
337           	-7.871488e-01	5.669591e-01	-1.917594e+00	-1.745946e+00	-1.716480e-01
338           	-7.871503e-01	5.669562e-01	-1.917594e+00	-1.745947e+00	-1.716466e-01
339           	-7.871622e-01	5.669350e-01	-1.917609e+00	-1.745967e+00	-1.716423e-01
340           	-7.871623e-01	5.669235e-01	-1.917600e+00	-1.745962e+00	-1.716375e-01
341           	-7.871807e-01	5.670023e-01	-1.917714e+00	-1.746038e+00	-1.716761e-01
342           	-7.871810e-01	5.669965e-01	-1.917711e+00	-1.746037e+00	-1.716745e-01
343           	-7.872151e-01	5.670436e-01	-1.917815e+00	-1.746122e+00	-1.716924e-01
344           	-7.872167e-01	5.670308e-01	-1.917808e+00	-1.746121e+00	-1.716874e-01
345           	-7.872360e-01	5.671284e-01	-1.917947e+00	-1.746210e+00	-1.717377e-01
346           	-7.872378e-01	5.671202e-01	-1.917945e+00	-1.746210e+00	-1.717346e-01
347           	-7.872661e-01	5.671766e-01	-1.918059e+00	-1.746296e+00	-1.717635e-01
348           	-7.872697e-01	5.671659e-01	-1.918057e+00	-1.746298e+00	-1.717589e-01
349           	-7.872931e-01	5.672797e-01	-1.918217e+00	-1.746401e+00	-1.718153e-01
350           	-7.872959e-01	5.672702e-01	-1.918215e+00	-1.746404e+00	-1.718118e-01
351           	-7.873185e-01	5.673535e-01	-1.918345e+00	-1.746491e+00	-1.718540e-01
352           	-7.873212e-01	5.673409e-01	-1.918341e+00	-1.746492e+00	-1.718495e-01
353           	-7.873436e-01	5.674425e-01	-1.918490e+00	-1.746589e+00	-1.719014e-01
354           	-7.873471e-01	5.674286e-01	-1.918487e+00	-1.746591e+00	-1.718965e-01
355           	-7.873704e-01	5.675252e-01	-1.918629e+00	-1.746685e+00	-1.719439e-01
356           	-7.873753e-01	5.675106e-01	-1.918628e+00	-1.746689e+00	-1.719385e-01
357           	-7.873738e-01	5.675117e-01	-1.918625e+00	-1.746687e+00	-1.719389e-01
358           	-7.874040e-01	5.676098e-01	-1.918791e+00	-1.746799e+00	-1.719914e-01
359           	-7.874072e-01	5.676046e-01	-1.918793e+00	-1.746804e+00	-1.719894e-01
360           	-7.874090e-01	5.675975e-01	-1.918791e+00	-1.746805e+00	-1.719866e-01
361           	-7.874070e-01	5.677468e-01	-1.918931e+00	-1.746872e+00	-1.720583e-01
362           	-7.874081e-01	5.677449e-01	-1.918930e+00	-1.746873e+00	-1.720571e-01
363           	-7.874110e-01	5.677369e-01	-1.918931e+00	-1.746877e+00	-1.720546e-01
364           	-7.874449e-01	5.678390e-01	-1.919105e+00	-1.746997e+00	-1.721075e-01
365           	-7.874451e-01	5.678406e-01	-1.919106e+00	-1.746998e+00	-1.721078e-01
366           	-7.874344e-01	5.679385e-01	-1.919184e+00	-1.747026e+00	-1.721576e-01
367           	-7.874358e-01	5.679337e-01	-1.919183e+00	-1.747027e+00	-1.721556e-01
368           	-7.874367e-01	5.679312e-01	-1.919183e+00	-1.747028e+00	-1.721546e-01
369           	-7.874487e-01	5.679961e-01	-1.919272e+00	-1.747085e+00	-1.721872e-01
370           	-7.874509e-01	5.679879e-01	-1.919270e+00	-1.747086e+00	-1.721841e-01
371           	-7.874627e-01	5.680433e-01	-1.919350e+00	-1.747138e+00	-1.722122e-01
372           	-7.874619e-01	5.680413e-01	-1.919345e+00	-1.747135e+00	-1.722109e-01
373           	-7.874547e-01	5.680929e-01	-1.919390e+00	-1.747150e+00	-1.722404e-01
374           	-7.874570e-01	5.680873e-01	-1.919391e+00	-1.747153e+00	-1.722386e-01
375           	-7.874618e-01	5.680742e-01	-1.919392e+00	-1.747158e+00	-1.722340e-01
376           	-7.874818e-01	5.680903e-01	-1.919454e+00	-1.747209e+00	-1.722449e-01
377           	-7.874844e-01	5.680843e-01	-1.919454e+00	-1.747211e+00	-1.722427e-01
378           	-7.875001e-01	5.681290e-01	-1.919525e+00	-1.747262e+00	-1.722623e-01
379           	-7.874987e-01	5.681285e-01	-1.919522e+00	-1.747260e+00	-1.722622e-01
380           	-7.874973e-01	5.681328e-01	-1.919521e+00	-1.747258e+00	-1.722634e-01
381           	-7.875284e-01	5.681419e-01	-1.919585e+00	-1.747321e+00	-1.722643e-01
382           	-7.875288e-01	5.681407e-01	-1.919585e+00	-1.747321e+00	-1.722636e-01
383           	-7.875488e-01	5.681660e-01	-1.919649e+00	-1.747373e+00	-1.722755e-01
384           	-7.875478e-01	5.681677e-01	-1.919648e+00	-1.747372e+00	-1.722762e-01
385           	-7.875510e-01	5.681683e-01	-1.919670e+00	-1.747386e+00	-1.722838e-01
386           	-7.875542e-01	5.681592e-01	-1.919669e+00	-1.747389e+00	-1.722803e-01
387           	-7.875610e-01	5.681450e-01	-1.919673e+00	-1.747397e+00	-1.722752e-01
388           	-7.875611e-01	5.681326e-01	-1.919674e+00	-1.747398e+00	-1.722758e-01
389           	-7.875584e-01	5.681364e-01	-1.919671e+00	-1.747394e+00	-1.722769e-01
390           	-7.874976e-01	5.681862e-01	-1.919617e+00	-1.747306e+00	-1.723108e-01
391           	-7.874988e-01	5.681834e-01	-1.919616e+00	-1.747307e+00	-1.723092e-01
392           	-7.874545e-01	5.681349e-01	-1.919523e+00	-1.747216e+00	-1.723069e-01
393           	-7.874559e-01	5.681312e-01	-1.919522e+00	-1.747217e+00	-1.723049e-01
394           	-7.874068e-01	5.681299e-01	-1.919444e+00	-1.747129e+00	-1.723155e-01
395           	-7.874057e-01	5.681262e-01	-1.919439e+00	-1.747125e+00	-1.723137e-01
396           	-7.873184e-01	5.681595e-01	-1.919337e+00	-1.746987e+00	-1.723498e-01
397           	-7.873154e-01	5.681656e-01	-1.919336e+00	-1.746983e+00	-1.723525e-01
398           	-7.872334e-01	5.681642e-01	-1.919197e+00	-1.746832e+00	-1.723650e-01
399           	-7.872339e-01	5.681603e-01	-1.919196e+00	-1.746832e+00	-1.723639e-01
400           	-7.871701e-01	5.681488e-01	-1.919087e+00	-1.746714e+00	-1.723736e-01
401           	-7.871707e-01	5.681496e-01	-1.919089e+00	-1.746715e+00	-1.723736e-01
402           	-7.870765e-01	5.682265e-01	-1.918966e+00	-1.746560e+00	-1.724066e-01
403           	-7.870747e-01	5.682261e-01	-1.918962e+00	-1.746556e+00	-1.724064e-01
404           	-7.870353e-01	5.682164e-01	-1.918903e+00	-1.746487e+00	-1.724162e-01
405           	-7.870360e-01	5.682144e-01	-1.918906e+00	-1.746489e+00	-1.724169e-01
406           	-7.870197e-01	5.682007e-01	-1.918859e+00	-1.746449e+00	-1.724099e-01
407           	-7.870211e-01	5.681956e-01	-1.918857e+00	-1.746450e+00	-1.724076e-01
408           	-7.870271e-01	5.682310e-01	-1.918903e+00	-1.746479e+00	-1.724245e-01
409           	-7.870269e-01	5.682341e-01	-1.918906e+00	-1.746480e+00	-1.724263e-01
410           	-7.870341e-01	5.682492e-01	-1.918922e+00	-1.746495e+00	-1.724268e-01
411           	-7.870326e-01	5.682514e-01	-1.918921e+00	-1.746493e+00	-1.724278e-01
412           	-7.870426e-01	5.682999e-01	-1.919001e+00	-1.746543e+00	-1.724578e-01
413           	-7.870371e-01	5.683059e-01	-1.918997e+00	-1.746536e+00	-1.724615e-01
414           	-7.870355e-01	5.682841e-01	-1.918975e+00	-1.746523e+00	-1.724522e-01
415           	-7.870219e-01	5.683004e-01	-1.918960e+00	-1.746502e+00	-1.724581e-01
416           	-7.870200e-01	5.683033e-01	-1.918961e+00	-1.746500e+00	-1.724603e-01
417           	-7.870096e-01	5.682070e-01	-1.918861e+00	-1.746440e+00	-1.724208e-01
418           	-7.870067e-01	5.682117e-01	-1.918858e+00	-1.746436e+00	-1.724225e-01
419           	-7.869626e-01	5.681145e-01	-1.918711e+00	-1.746318e+00	-1.723932e-01
420           	-7.869583e-01	5.681150e-01	-1.918703e+00	-1.746310e+00	-1.723934e-01
421           	-7.868923e-01	5.680298e-01	-1.918520e+00	-1.746152e+00	-1.723679e-01
422           	-7.867918e-01	5.679760e-01	-1.918299e+00	-1.745941e+00	-1.723576e-01
423           	-7.867929e-01	5.679795e-01	-1.918303e+00	-1.745945e+00	-1.723588e-01
424           	-7.867112e-01	5.679244e-01	-1.918099e+00	-1.745761e+00	-1.723380e-01
425           	-7.866311e-01	5.678966e-01	-1.917927e+00	-1.745595e+00	-1.723323e-01
426           	-7.865544e-01	5.677907e-01	-1.917728e+00	-1.745419e+00	-1.723098e-01
427           	-7.864755e-01	5.677374e-01	-1.917565e+00	-1.745258e+00	-1.723071e-01
428           	-7.864753e-01	5.677271e-01	-1.917558e+00	-1.745254e+00	-1.723036e-01
429           	-7.864277e-01	5.676012e-01	-1.917372e+00	-1.745114e+00	-1.722583e-01
430           	-7.863497e-01	5.675487e-01	-1.917200e+00	-1.744950e+00	-1.722502e-01
431           	-7.863504e-01	5.675477e-01	-1.917201e+00	-1.744951e+00	-1.722503e-01
432           	-7.862940e-01	5.674936e-01	-1.917074e+00	-1.744831e+00	-1.722431e-01
433           	-7.862906e-01	5.674905e-01	-1.917064e+00	-1.744822e+00	-1.722412e-01
434           	-7.862497e-01	5.674757e-01	-1.917007e+00	-1.744753e+00	-1.722538e-01
435           	-7.861968e-01	5.675281e-01	-1.916974e+00	-1.744684e+00	-1.722903e-01
436           	-7.861409e-01	5.676126e-01	-1.916959e+00	-1.744620e+00	-1.723385e-01
437           	-7.861156e-01	5.676532e-01	-1.916963e+00	-1.744597e+00	-1.723658e-01
438           	-7.861227e-01	5.676600e-01	-1.916999e+00	-1.744622e+00	-1.723768e-01
439           	-7.861511e-01	5.676574e-01	-1.917066e+00	-1.744684e+00	-1.723820e-01
440           	-7.861534e-01	5.676437e-01	-1.917061e+00	-1.744684e+00	-1.723770e-01
441           	-7.862166e-01	5.676318e-01	-1.917163e+00	-1.744798e+00	-1.723649e-01
442           	-7.862719e-01	5.676965e-01	-1.917313e+00	-1.744928e+00	-1.723844e-01
443           	-7.863238e-01	5.677789e-01	-1.917473e+00	-1.745060e+00	-1.724126e-01
444           	-7.863276e-01	5.677671e-01	-1.917472e+00	-1.745063e+00	-1.724082e-01
445           	-7.864582e-01	5.677894e-01	-1.917695e+00	-1.745306e+00	-1.723891e-01
446           	-7.865542e-01	5.678288e-01	-1.917884e+00	-1.745496e+00	-1.723877e-01
447           	-7.865561e-01	5.678181e-01	-1.917881e+00	-1.745496e+00	-1.723843e-01
448           	-7.866620e-01	5.678817e-01	-1.918083e+00	-1.745704e+00	-1.723797e-01
449           	-7.867289e-01	5.679647e-01	-1.918243e+00	-1.745850e+00	-1.723924e-01
450           	-7.867678e-01	5.680229e-01	-1.918344e+00	-1.745940e+00	-1.724042e-01
451           	-7.867858e-01	5.680640e-01	-1.918396e+00	-1.745984e+00	-1.724123e-01
452           	-7.867834e-01	5.680718e-01	-1.918396e+00	-1.745981e+00	-1.724147e-01
453           	-7.867978e-01	5.680202e-01	-1.918339e+00	-1.745967e+00	-1.723716e-01
454           	-7.867611e-01	5.680383e-01	-1.918262e+00	-1.745892e+00	-1.723698e-01
455           	-7.866967e-01	5.680854e-01	-1.918177e+00	-1.745785e+00	-1.723920e-01
456           	-7.866948e-01	5.680967e-01	-1.918181e+00	-1.745785e+00	-1.723956e-01
457           	-7.865743e-01	5.679630e-01	-1.917817e+00	-1.745483e+00	-1.723340e-01
458           	-7.864723e-01	5.679200e-01	-1.917564e+00	-1.745255e+00	-1.723100e-01
459           	-7.863782e-01	5.679481e-01	-1.917401e+00	-1.745079e+00	-1.723224e-01
460           	-7.863767e-01	5.679597e-01	-1.917406e+00	-1.745080e+00	-1.723265e-01
461           	-7.862567e-01	5.678018e-01	-1.917011e+00	-1.744762e+00	-1.722487e-01
462           	-7.861633e-01	5.677328e-01	-1.916750e+00	-1.744538e+00	-1.722118e-01
463           	-7.861588e-01	5.677521e-01	-1.916757e+00	-1.744537e+00	-1.722197e-01
464           	-7.860504e-01	5.676662e-01	-1.916457e+00	-1.744279e+00	-1.721780e-01
465           	-7.859843e-01	5.676254e-01	-1.916280e+00	-1.744124e+00	-1.721557e-01
466           	-7.859827e-01	5.676380e-01	-1.916287e+00	-1.744126e+00	-1.721607e-01
467           	-7.859477e-01	5.674737e-01	-1.916043e+00	-1.743969e+00	-1.720738e-01
468           	-7.859336e-01	5.674021e-01	-1.915931e+00	-1.743899e+00	-1.720317e-01
469           	-7.859347e-01	5.674114e-01	-1.915941e+00	-1.743905e+00	-1.720355e-01
470           	-7.859639e-01	5.672812e-01	-1.915834e+00	-1.743881e+00	-1.719530e-01
471           	-7.860001e-01	5.672317e-01	-1.915825e+00	-1.743913e+00	-1.719127e-01
472           	-7.859998e-01	5.672428e-01	-1.915835e+00	-1.743917e+00	-1.719179e-01
473           	-7.860666e-01	5.670911e-01	-1.915768e+00	-1.743951e+00	-1.718175e-01
474           	-7.861182e-01	5.670509e-01	-1.915790e+00	-1.744013e+00	-1.717768e-01
475           	-7.861167e-01	5.670634e-01	-1.915798e+00	-1.744016e+00	-1.717825e-01
476           	-7.861684e-01	5.670318e-01	-1.915804e+00	-1.744071e+00	-1.717338e-01
477           	-7.862079e-01	5.670785e-01	-1.915871e+00	-1.744143e+00	-1.717277e-01
478           	-7.862047e-01	5.670938e-01	-1.915878e+00	-1.744144e+00	-1.717345e-01
479           	-7.862701e-01	5.670847e-01	-1.915941e+00	-1.744241e+00	-1.717006e-01
480           	-7.863404e-01	5.671235e-01	-1.916070e+00	-1.744375e+00	-1.716944e-01
481           	-7.863403e-01	5.671309e-01	-1.916076e+00	-1.744378e+00	-1.716976e-01
482           	-7.864277e-01	5.671468e-01	-1.916215e+00	-1.744535e+00	-1.716799e-01
483           	-7.864753e-01	5.672555e-01	-1.916366e+00	-1.744659e+00	-1.717079e-01
484           	-7.865064e-01	5.674074e-01	-1.916563e+00	-1.744788e+00	-1.717751e-01
485           	-7.865051e-01	5.674169e-01	-1.916568e+00	-1.744789e+00	-1.717787e-01
486           	-7.866003e-01	5.673053e-01	-1.916655e+00	-1.744928e+00	-1.717270e-01
487           	-7.866761e-01	5.672733e-01	-1.916767e+00	-1.745060e+00	-1.717075e-01
488           	-7.867354e-01	5.673232e-01	-1.916948e+00	-1.745209e+00	-1.717384e-01
489           	-7.867376e-01	5.673300e-01	-1.916956e+00	-1.745215e+00	-1.717402e-01
490           	-7.868320e-01	5.671888e-01	-1.917010e+00	-1.745337e+00	-1.716730e-01
491           	-7.869064e-01	5.671419e-01	-1.917116e+00	-1.745464e+00	-1.716514e-01
492           	-7.869038e-01	5.671538e-01	-1.917120e+00	-1.745464e+00	-1.716564e-01
493           	-7.869660e-01	5.671009e-01	-1.917226e+00	-1.745579e+00	-1.716468e-01
494           	-7.870026e-01	5.670896e-01	-1.917306e+00	-1.745656e+00	-1.716504e-01
495           	-7.870012e-01	5.670950e-01	-1.917307e+00	-1.745655e+00	-1.716522e-01
496           	-7.870483e-01	5.670097e-01	-1.917345e+00	-1.745721e+00	-1.716241e-01
497           	-7.870610e-01	5.670019e-01	-1.917382e+00	-1.745752e+00	-1.716298e-01
498           	-7.870564e-01	5.670111e-01	-1.917380e+00	-1.745746e+00	-1.716335e-01
499           	-7.870626e-01	5.669145e-01	-1.917331e+00	-1.745728e+00	-1.716028e-01
500           	-7.870618e-01	5.669109e-01	-1.917323e+00	-1.745723e+00	-1.715999e-01
501           	-7.870502e-01	5.669913e-01	-1.917430e+00	-1.745765e+00	-1.716650e-01
502           	-7.870361e-01	5.670383e-01	-1.917473e+00	-1.745773e+00	-1.717003e-01
503           	-7.870352e-01	5.670406e-01	-1.917475e+00	-1.745773e+00	-1.717021e-01
504           	-7.870350e-01	5.669966e-01	-1.917463e+00	-1.745767e+00	-1.716967e-01
505           	-7.870360e-01	5.669949e-01	-1.917466e+00	-1.745769e+00	-1.716970e-01
506           	-7.870218e-01	5.670410e-01	-1.917514e+00	-1.745779e+00	-1.717352e-01
507           	-7.870205e-01	5.670417e-01	-1.917514e+00	-1.745778e+00	-1.717367e-01
508           	-7.870177e-01	5.669871e-01	-1.917462e+00	-1.745749e+00	-1.717131e-01
509           	-7.870182e-01	5.669772e-01	-1.917453e+00	-1.745745e+00	-1.717085e-01
510           	-7.869833e-01	5.671363e-01	-1.917565e+00	-1.745766e+00	-1.717993e-01
511           	-7.869820e-01	5.671417e-01	-1.917571e+00	-1.745767e+00	-1.718034e-01
512           	-7.869822e-01	5.671027e-01	-1.917529e+00	-1.745747e+00	-1.717824e-01
513           	-7.869861e-01	5.670875e-01	-1.917525e+00	-1.745749e+00	-1.717764e-01
514           	-7.869745e-01	5.672438e-01	-1.917676e+00	-1.745812e+00	-1.718634e-01
515           	-7.869731e-01	5.672489e-01	-1.917681e+00	-1.745814e+00	-1.718676e-01
516           	-7.869917e-01	5.672281e-01	-1.917688e+00	-1.745836e+00	-1.718522e-01
517           	-7.869923e-01	5.672199e-01	-1.917682e+00	-1.745833e+00	-1.718487e-01
518           	-7.870066e-01	5.673472e-01	-1.917847e+00	-1.745930e+00	-1.719168e-01
519           	-7.870075e-01	5.673483e-01	-1.917853e+00	-1.745934e+00	-1.719191e-01
520           	-7.870555e-01	5.673595e-01	-1.917954e+00	-1.746032e+00	-1.719214e-01
521           	-7.870574e-01	5.673500e-01	-1.917951e+00	-1.746033e+00	-1.719179e-01
522           	-7.870816e-01	5.674772e-01	-1.918127e+00	-1.746145e+00	-1.719819e-01
523           	-7.870813e-01	5.674801e-01	-1.918132e+00	-1.746147e+00	-1.719846e-01
524           	-7.870861e-01	5.674751e-01	-1.918138e+00	-1.746155e+00	-1.719827e-01
525           	-7.871522e-01	5.675184e-01	-1.918305e+00	-1.746305e+00	-1.720004e-01
526           	-7.871510e-01	5.675220e-01	-1.918307e+00	-1.746305e+00	-1.720027e-01
527           	-7.871560e-01	5.675144e-01	-1.918314e+00	-1.746313e+00	-1.720008e-01
528           	-7.872249e-01	5.675706e-01	-1.918488e+00	-1.746469e+00	-1.720192e-01
529           	-7.872237e-01	5.675769e-01	-1.918493e+00	-1.746470e+00	-1.720229e-01
530           	-7.873009e-01	5.675567e-01	-1.918594e+00	-1.746598e+00	-1.719963e-01
531           	-7.872989e-01	5.675537e-01	-1.918586e+00	-1.746592e+00	-1.719939e-01
532           	-7.872974e-01	5.675557e-01	-1.918586e+00	-1.746590e+00	-1.719955e-01
533           	-7.873538e-01	5.675382e-01	-1.918649e+00	-1.746678e+00	-1.719706e-01
534           	-7.873535e-01	5.675372e-01	-1.918646e+00	-1.746677e+00	-1.719697e-01
535           	-7.874141e-01	5.675651e-01	-1.918771e+00	-1.746800e+00	-1.719716e-01
536           	-7.874113e-01	5.675702e-01	-1.918770e+00	-1.746796e+00	-1.719736e-01
537           	-7.874159e-01	5.675626e-01	-1.918775e+00	-1.746803e+00	-1.719716e-01
538           	-7.874758e-01	5.675734e-01	-1.918877e+00	-1.746914e+00	-1.719629e-01
539           	-7.874747e-01	5.675748e-01	-1.918876e+00	-1.746913e+00	-1.719634e-01
540           	-7.874772e-01	5.675712e-01	-1.918880e+00	-1.746917e+00	-1.719628e-01
541           	-7.875484e-01	5.675421e-01	-1.918961e+00	-1.747029e+00	-1.719323e-01
542           	-7.875480e-01	5.675398e-01	-1.918958e+00	-1.747027e+00	-1.719311e-01
543           	-7.875688e-01	5.676176e-01	-1.919056e+00	-1.747097e+00	-1.719594e-01
544           	-7.875683e-01	5.676169e-01	-1.919056e+00	-1.747096e+00	-1.719597e-01
545           	-7.875719e-01	5.676087e-01	-1.919058e+00	-1.747101e+00	-1.719571e-01
546           	-7.876077e-01	5.676177e-01	-1.919117e+00	-1.747166e+00	-1.719506e-01
547           	-7.876073e-01	5.676200e-01	-1.919118e+00	-1.747166e+00	-1.719518e-01
548           	-7.876087e-01	5.676163e-01	-1.919118e+00	-1.747168e+00	-1.719503e-01
549           	-7.876305e-01	5.675856e-01	-1.919136e+00	-1.747198e+00	-1.719374e-01
550           	-7.876328e-01	5.675817e-01	-1.919137e+00	-1.747201e+00	-1.719356e-01
551           	-7.876522e-01	5.676140e-01	-1.919195e+00	-1.747250e+00	-1.719452e-01
552           	-7.876563e-01	5.676092e-01	-1.919198e+00	-1.747255e+00	-1.719428e-01
553           	-7.876438e-01	5.676640e-01	-1.919223e+00	-1.747255e+00	-1.719676e-01
554           	-7.876425e-01	5.676672e-01	-1.919223e+00	-1.747254e+00	-1.719689e-01
555           	-7.876446e-01	5.676354e-01	-1.919219e+00	-1.747254e+00	-1.719651e-01
556           	-7.876461e-01	5.676279e-01	-1.919216e+00	-1.747254e+00	-1.719619e-01
557           	-7.876326e-01	5.676102e-01	-1.919196e+00	-1.747231e+00	-1.719654e-01
558           	-7.876345e-01	5.676047e-01	-1.919195e+00	-1.747232e+00	-1.719632e-01
559           	-7.876385e-01	5.675918e-01	-1.919195e+00	-1.747236e+00	-1.719589e-01
560           	-7.876354e-01	5.675724e-01	-1.919181e+00	-1.747226e+00	-1.719550e-01
561           	-7.876352e-01	5.675715e-01	-1.919181e+00	-1.747226e+00	-1.719551e-01
562           	-7.876321e-01	5.675777e-01	-1.919179e+00	-1.747222e+00	-1.719576e-01
563           	-7.876035e-01	5.675642e-01	-1.919130e+00	-1.747169e+00	-1.719615e-01
564           	-7.876048e-01	5.675598e-01	-1.919129e+00	-1.747169e+00	-1.719596e-01
565           	-7.876140e-01	5.675369e-01	-1.919130e+00	-1.747179e+00	-1.719511e-01
566           	-7.875961e-01	5.675432e-01	-1.919112e+00	-1.747152e+00	-1.719597e-01
567           	-7.875952e-01	5.675455e-01	-1.919112e+00	-1.747151e+00	-1.719606e-01
568           	-7.875609e-01	5.675295e-01	-1.919044e+00	-1.747083e+00	-1.719613e-01
569           	-7.875612e-01	5.675270e-01	-1.919042e+00	-1.747082e+00	-1.719600e-01
570           	-7.875635e-01	5.675219e-01	-1.919043e+00	-1.747085e+00	-1.719581e-01
571           	-7.875328e-01	5.674935e-01	-1.918977e+00	-1.747021e+00	-1.719558e-01
572           	-7.875326e-01	5.674940e-01	-1.918977e+00	-1.747021e+00	-1.719558e-01
573           	-7.875313e-01	5.674951e-01	-1.918976e+00	-1.747019e+00	-1.719565e-01
574           	-7.874988e-01	5.675055e-01	-1.918932e+00	-1.746965e+00	-1.719671e-01
575           	-7.874961e-01	5.675112e-01	-1.918930e+00	-1.746961e+00	-1.719692e-01
576           	-7.874664e-01	5.674775e-01	-1.918861e+00	-1.746897e+00	-1.719640e-01
577           	-7.874662e-01	5.674763e-01	-1.918859e+00	-1.746896e+00	-1.719632e-01
578           	-7.874645e-01	5.674820e-01	-1.918860e+00	-1.746895e+00	-1.719657e-01
579           	-7.874304e-01	5.674583e-01	-1.918779e+00	-1.746820e+00	-1.719589e-01
580           	-7.874308e-01	5.674560e-01	-1.918777e+00	-1.746819e+00	-1.719578e-01
581           	-7.874324e-01	5.674526e-01	-1.918778e+00	-1.746822e+00	-1.719567e-01
582           	-7.874067e-01	5.674482e-01	-1.918732e+00	-1.746773e+00	-1.719594e-01
583           	-7.874052e-01	5.674497e-01	-1.918730e+00	-1.746770e+00	-1.719598e-01
584           	-7.873568e-01	5.674612e-01	-1.918668e+00	-1.746691e+00	-1.719772e-01
585           	-7.873564e-01	5.674594e-01	-1.918666e+00	-1.746690e+00	-1.719767e-01
586           	-7.873570e-01	5.674608e-01	-1.918667e+00	-1.746691e+00	-1.719767e-01
587           	-7.873367e-01	5.674531e-01	-1.918636e+00	-1.746655e+00	-1.719813e-01
588           	-7.873366e-01	5.674540e-01	-1.918636e+00	-1.746655e+00	-1.719817e-01
589           	-7.873240e-01	5.674738e-01	-1.918629e+00	-1.746638e+00	-1.719904e-01
590           	-7.873215e-01	5.674756e-01	-1.918625e+00	-1.746634e+00	-1.719909e-01
591           	-7.873209e-01	5.674777e-01	-1.918625e+00	-1.746633e+00	-1.719915e-01
592           	-7.873110e-01	5.674240e-01	-1.918564e+00	-1.746593e+00	-1.719710e-01
593           	-7.873104e-01	5.674242e-01	-1.918562e+00	-1.746591e+00	-1.719705e-01
594           	-7.872938e-01	5.674341e-01	-1.918544e+00	-1.746566e+00	-1.719781e-01
595           	-7.872918e-01	5.674393e-01	-1.918543e+00	-1.746563e+00	-1.719796e-01
596           	-7.872917e-01	5.674423e-01	-1.918546e+00	-1.746565e+00	-1.719811e-01
597           	-7.872950e-01	5.674016e-01	-1.918519e+00	-1.746555e+00	-1.719646e-01
598           	-7.872925e-01	5.674040e-01	-1.918515e+00	-1.746550e+00	-1.719652e-01
599           	-7.872570e-01	5.674497e-01	-1.918498e+00	-1.746506e+00	-1.719921e-01
600           	-7.872555e-01	5.674508e-01	-1.918496e+00	-1.746503e+00	-1.719925e-01
601           	-7.872567e-01	5.674493e-01	-1.918496e+00	-1.746505e+00	-1.719915e-01
602           	-7.872457e-01	5.674384e-01	-1.918484e+00	-1.746488e+00	-1.719962e-01
603           	-7.872449e-01	5.674395e-01	-1.918483e+00	-1.746486e+00	-1.719965e-01
604           	-7.872262e-01	5.674509e-01	-1.918472e+00	-1.746462e+00	-1.720097e-01
605           	-7.872240e-01	5.674523e-01	-1.918468e+00	-1.746458e+00	-1.720100e-01
606           	-7.872265e-01	5.674448e-01	-1.918468e+00	-1.746460e+00	-1.720073e-01
607           	-7.872024e-01	5.674085e-01	-1.918412e+00	-1.746408e+00	-1.720036e-01
608           	-7.872007e-01	5.674106e-01	-1.918409e+00	-1.746405e+00	-1.720040e-01
609           	-7.871496e-01	5.674751e-01	-1.918381e+00	-1.746340e+00	-1.720411e-01
610           	-7.871478e-01	5.674771e-01	-1.918379e+00	-1.746338e+00	-1.720419e-01
611           	-7.871259e-01	5.674811e-01	-1.918354e+00	-1.746303e+00	-1.720513e-01
612           	-7.871239e-01	5.674830e-01	-1.918351e+00	-1.746300e+00	-1.720518e-01
613           	-7.871210e-01	5.674841e-01	-1.918346e+00	-1.746294e+00	-1.720522e-01
614           	-7.870716e-01	5.675154e-01	-1.918302e+00	-1.746223e+00	-1.720793e-01
615           	-7.870710e-01	5.675129e-01	-1.918299e+00	-1.746221e+00	-1.720786e-01
616           	-7.870308e-01	5.675475e-01	-1.918273e+00	-1.746167e+00	-1.721058e-01
617           	-7.870290e-01	5.675501e-01	-1.918271e+00	-1.746165e+00	-1.721066e-01
618           	-7.869693e-01	5.676012e-01	-1.918223e+00	-1.746081e+00	-1.721421e-01
619           	-7.869684e-01	5.676006e-01	-1.918220e+00	-1.746078e+00	-1.721417e-01
620           	-7.869721e-01	5.675920e-01	-1.918221e+00	-1.746083e+00	-1.721385e-01
621           	-7.869281e-01	5.675963e-01	-1.918168e+00	-1.746012e+00	-1.721557e-01
622           	-7.869270e-01	5.675971e-01	-1.918166e+00	-1.746010e+00	-1.721562e-01
623           	-7.868683e-01	5.676507e-01	-1.918116e+00	-1.745926e+00	-1.721900e-01
624           	-7.868675e-01	5.676504e-01	-1.918115e+00	-1.745925e+00	-1.721898e-01
625           	-7.868281e-01	5.676490e-01	-1.918060e+00	-1.745858e+00	-1.722018e-01
626           	-7.868271e-01	5.676485e-01	-1.918057e+00	-1.745856e+00	-1.722015e-01
627           	-7.868273e-01	5.676449e-01	-1.918056e+00	-1.745855e+00	-1.722006e-01
628           	-7.868030e-01	5.676396e-01	-1.918020e+00	-1.745813e+00	-1.722071e-01
629           	-7.868010e-01	5.676410e-01	-1.918018e+00	-1.745810e+00	-1.722080e-01
630           	-7.867718e-01	5.676888e-01	-1.918016e+00	-1.745780e+00	-1.722364e-01
631           	-7.867699e-01	5.676908e-01	-1.918014e+00	-1.745777e+00	-1.722373e-01
632           	-7.867436e-01	5.676939e-01	-1.917987e+00	-1.745737e+00	-1.722498e-01
633           	-7.867437e-01	5.676893e-01	-1.917983e+00	-1.745735e+00	-1.722480e-01
634           	-7.867485e-01	5.676747e-01	-1.917982e+00	-1.745740e+00	-1.722428e-01
635           	-7.867503e-01	5.676540e-01	-1.917978e+00	-1.745739e+00	-1.722385e-01
636           	-7.867484e-01	5.676525e-01	-1.917972e+00	-1.745735e+00	-1.722378e-01
637           	-7.867363e-01	5.676603e-01	-1.917967e+00	-1.745720e+00	-1.722472e-01
638           	-7.867351e-01	5.676577e-01	-1.917963e+00	-1.745716e+00	-1.722462e-01
639           	-7.867298e-01	5.676414e-01	-1.917948e+00	-1.745704e+00	-1.722442e-01
640           	-7.867298e-01	5.676377e-01	-1.917945e+00	-1.745702e+00	-1.722427e-01
641           	-7.867275e-01	5.676445e-01	-1.917956e+00	-1.745706e+00	-1.722506e-01
642           	-7.867265e-01	5.676418e-01	-1.917952e+00	-1.745702e+00	-1.722493e-01
643           	-7.867350e-01	5.676347e-01	-1.917973e+00	-1.745721e+00	-1.722514e-01
644           	-7.867351e-01	5.676314e-01	-1.917970e+00	-1.745720e+00	-1.722499e-01
645           	-7.867352e-01	5.676267e-01	-1.917968e+00	-1.745719e+00	-1.722488e-01
646           	-7.867351e-01	5.675900e-01	-1.917936e+00	-1.745703e+00	-1.722327e-01
647           	-7.867353e-01	5.675857e-01	-1.917932e+00	-1.745701e+00	-1.722309e-01
648           	-7.867325e-01	5.675977e-01	-1.917943e+00	-1.745704e+00	-1.722392e-01
649           	-7.867326e-01	5.675946e-01	-1.917941e+00	-1.745703e+00	-1.722377e-01
650           	-7.867267e-01	5.675846e-01	-1.917924e+00	-1.745689e+00	-1.722355e-01
651           	-7.867282e-01	5.675790e-01	-1.917923e+00	-1.745690e+00	-1.722333e-01
652           	-7.867283e-01	5.675974e-01	-1.917949e+00	-1.745703e+00	-1.722463e-01
653           	-7.867281e-01	5.675953e-01	-1.917947e+00	-1.745702e+00	-1.722454e-01
654           	-7.867184e-01	5.676215e-01	-1.917959e+00	-1.745698e+00	-1.722609e-01
655           	-7.867190e-01	5.676142e-01	-1.917956e+00	-1.745697e+00	-1.722589e-01
656           	-7.867190e-01	5.676233e-01	-1.917972e+00	-1.745705e+00	-1.722672e-01
657           	-7.867202e-01	5.676200e-01	-1.917972e+00	-1.745706e+00	-1.722659e-01
658           	-7.867203e-01	5.676201e-01	-1.917973e+00	-1.745707e+00	-1.722662e-01
659           	-7.867106e-01	5.676497e-01	-1.917982e+00	-1.745702e+00	-1.722806e-01
660           	-7.867115e-01	5.676473e-01	-1.917982e+00	-1.745702e+00	-1.722795e-01
661           	-7.867148e-01	5.676550e-01	-1.918000e+00	-1.745715e+00	-1.722853e-01
662           	-7.867150e-01	5.676545e-01	-1.918000e+00	-1.745715e+00	-1.722847e-01
663           	-7.867089e-01	5.676836e-01	-1.918013e+00	-1.745716e+00	-1.722978e-01
664           	-7.867100e-01	5.676813e-01	-1.918014e+00	-1.745717e+00	-1.722969e-01
665           	-7.867188e-01	5.676796e-01	-1.918032e+00	-1.745735e+00	-1.722974e-01
666           	-7.867165e-01	5.676784e-01	-1.918028e+00	-1.745730e+00	-1.722972e-01
667           	-7.867193e-01	5.677062e-01	-1.918054e+00	-1.745746e+00	-1.723076e-01
668           	-7.867205e-01	5.677037e-01	-1.918054e+00	-1.745747e+00	-1.723064e-01
669           	-7.867173e-01	5.676907e-01	-1.918039e+00	-1.745737e+00	-1.723020e-01
670           	-7.867177e-01	5.676895e-01	-1.918038e+00	-1.745737e+00	-1.723014e-01
671           	-7.867132e-01	5.677168e-01	-1.918051e+00	-1.745739e+00	-1.723121e-01
672           	-7.867149e-01	5.677152e-01	-1.918052e+00	-1.745741e+00	-1.723113e-01
673           	-7.867322e-01	5.677167e-01	-1.918079e+00	-1.745772e+00	-1.723073e-01
674           	-7.867339e-01	5.677142e-01	-1.918079e+00	-1.745774e+00	-1.723058e-01
675           	-7.867452e-01	5.677332e-01	-1.918107e+00	-1.745799e+00	-1.723085e-01
676           	-7.867446e-01	5.677292e-01	-1.918103e+00	-1.745796e+00	-1.723070e-01
677           	-7.867703e-01	5.677509e-01	-1.918161e+00	-1.745851e+00	-1.723100e-01
678           	-7.867733e-01	5.677461e-01	-1.918161e+00	-1.745854e+00	-1.723074e-01
679           	-7.867993e-01	5.677828e-01	-1.918237e+00	-1.745918e+00	-1.723193e-01
680           	-7.868012e-01	5.677815e-01	-1.918239e+00	-1.745921e+00	-1.723184e-01
681           	-7.868448e-01	5.677803e-01	-1.918311e+00	-1.746000e+00	-1.723107e-01
682           	-7.868470e-01	5.677780e-01	-1.918313e+00	-1.746003e+00	-1.723093e-01
683           	-7.868811e-01	5.678093e-01	-1.918403e+00	-1.746082e+00	-1.723202e-01
684           	-7.868789e-01	5.678144e-01	-1.918401e+00	-1.746080e+00	-1.723217e-01
685           	-7.869214e-01	5.678213e-01	-1.918477e+00	-1.746160e+00	-1.723170e-01
686           	-7.869212e-01	5.678248e-01	-1.918479e+00	-1.746161e+00	-1.723183e-01
687           	-7.869545e-01	5.678359e-01	-1.918543e+00	-1.746226e+00	-1.723170e-01
688           	-7.869529e-01	5.678403e-01	-1.918542e+00	-1.746224e+00	-1.723183e-01
689           	-7.869971e-01	5.677899e-01	-1.918571e+00	-1.746283e+00	-1.722884e-01
690           	-7.869953e-01	5.677955e-01	-1.918571e+00	-1.746281e+00	-1.722901e-01
691           	-7.870182e-01	5.677733e-01	-1.918574e+00	-1.746305e+00	-1.722688e-01
692           	-7.870189e-01	5.677727e-01	-1.918575e+00	-1.746306e+00	-1.722685e-01
693           	-7.870361e-01	5.677246e-01	-1.918541e+00	-1.746307e+00	-1.722346e-01
694           	-7.870360e-01	5.677256e-01	-1.918542e+00	-1.746307e+00	-1.722350e-01
695           	-7.870263e-01	5.676893e-01	-1.918455e+00	-1.746254e+00	-1.722011e-01
696           	-7.870282e-01	5.676860e-01	-1.918457e+00	-1.746257e+00	-1.722003e-01
697           	-7.870220e-01	5.676136e-01	-1.918349e+00	-1.746196e+00	-1.721522e-01
698           	-7.870151e-01	5.675898e-01	-1.918271e+00	-1.746151e+00	-1.721204e-01
699           	-7.870114e-01	5.676040e-01	-1.918275e+00	-1.746149e+00	-1.721260e-01
700           	-7.870131e-01	5.674752e-01	-1.918107e+00	-1.746067e+00	-1.720403e-01
701           	-7.870114e-01	5.674778e-01	-1.918104e+00	-1.746064e+00	-1.720408e-01
702           	-7.870053e-01	5.674243e-01	-1.917993e+00	-1.746002e+00	-1.719913e-01
703           	-7.870022e-01	5.674334e-01	-1.917994e+00	-1.745999e+00	-1.719948e-01
704           	-7.869938e-01	5.673363e-01	-1.917835e+00	-1.745912e+00	-1.719239e-01
705           	-7.869921e-01	5.673373e-01	-1.917833e+00	-1.745908e+00	-1.719241e-01
706           	-7.869760e-01	5.673209e-01	-1.917756e+00	-1.745854e+00	-1.719018e-01
707           	-7.869700e-01	5.673026e-01	-1.917696e+00	-1.745818e+00	-1.718778e-01
708           	-7.869771e-01	5.672430e-01	-1.917641e+00	-1.745798e+00	-1.718434e-01
709           	-7.869892e-01	5.671902e-01	-1.917603e+00	-1.745791e+00	-1.718122e-01
710           	-7.869894e-01	5.671932e-01	-1.917605e+00	-1.745792e+00	-1.718131e-01
711           	-7.870278e-01	5.670860e-01	-1.917552e+00	-1.745804e+00	-1.717482e-01
712           	-7.870272e-01	5.670871e-01	-1.917551e+00	-1.745803e+00	-1.717482e-01
713           	-7.870616e-01	5.670901e-01	-1.917604e+00	-1.745864e+00	-1.717406e-01
714           	-7.870611e-01	5.670925e-01	-1.917607e+00	-1.745865e+00	-1.717423e-01
715           	-7.871158e-01	5.670487e-01	-1.917652e+00	-1.745942e+00	-1.717102e-01
716           	-7.871150e-01	5.670479e-01	-1.917651e+00	-1.745941e+00	-1.717106e-01
717           	-7.871681e-01	5.671206e-01	-1.917825e+00	-1.746081e+00	-1.717443e-01
718           	-7.872205e-01	5.671789e-01	-1.917975e+00	-1.746208e+00	-1.717671e-01
719           	-7.872246e-01	5.671744e-01	-1.917982e+00	-1.746216e+00	-1.717664e-01
720           	-7.872834e-01	5.671968e-01	-1.918112e+00	-1.746339e+00	-1.717726e-01
721           	-7.872830e-01	5.671995e-01	-1.918114e+00	-1.746340e+00	-1.717740e-01
722           	-7.873412e-01	5.673113e-01	-1.918334e+00	-1.746508e+00	-1.718257e-01
723           	-7.873380e-01	5.673158e-01	-1.918333e+00	-1.746504e+00	-1.718283e-01
724           	-7.874025e-01	5.673508e-01	-1.918487e+00	-1.746646e+00	-1.718408e-01
725           	-7.874009e-01	5.673515e-01	-1.918483e+00	-1.746642e+00	-1.718407e-01
726           	-7.874491e-01	5.675225e-01	-1.918747e+00	-1.746823e+00	-1.719245e-01
727           	-7.874521e-01	5.675164e-01	-1.918751e+00	-1.746828e+00	-1.719233e-01
728           	-7.875274e-01	5.675603e-01	-1.918940e+00	-1.746997e+00	-1.719426e-01
729           	-7.875304e-01	5.675555e-01	-1.918943e+00	-1.747002e+00	-1.719412e-01
730           	-7.875944e-01	5.676891e-01	-1.919203e+00	-1.747196e+00	-1.720073e-01
731           	-7.875959e-01	5.676904e-01	-1.919209e+00	-1.747201e+00	-1.720087e-01
732           	-7.876629e-01	5.677700e-01	-1.919418e+00	-1.747372e+00	-1.720463e-01
733           	-7.876631e-01	5.677689e-01	-1.919418e+00	-1.747372e+00	-1.720459e-01
734           	-7.877111e-01	5.678938e-01	-1.919654e+00	-1.747538e+00	-1.721161e-01
735           	-7.877113e-01	5.678958e-01	-1.919660e+00	-1.747541e+00	-1.721184e-01
736           	-7.877570e-01	5.679532e-01	-1.919814e+00	-1.747664e+00	-1.721498e-01
737           	-7.877569e-01	5.679515e-01	-1.919813e+00	-1.747663e+00	-1.721495e-01
738           	-7.877827e-01	5.680513e-01	-1.919980e+00	-1.747773e+00	-1.722074e-01
739           	-7.877827e-01	5.680524e-01	-1.919982e+00	-1.747774e+00	-1.722085e-01
740           	-7.878036e-01	5.680572e-01	-1.920037e+00	-1.747822e+00	-1.722148e-01
741           	-7.878052e-01	5.680525e-01	-1.920036e+00	-1.747823e+00	-1.722129e-01
742           	-7.877994e-01	5.681278e-01	-1.920119e+00	-1.747859e+00	-1.722602e-01
743           	-7.877997e-01	5.681283e-01	-1.920121e+00	-1.747860e+00	-1.722610e-01
744           	-7.878068e-01	5.681138e-01	-1.920126e+00	-1.747870e+00	-1.722560e-01
745           	-7.878047e-01	5.681166e-01	-1.920125e+00	-1.747867e+00	-1.722577e-01
746           	-7.877878e-01	5.681079e-01	-1.920099e+00	-1.747837e+00	-1.722618e-01
747           	-7.877889e-01	5.681067e-01	-1.920101e+00	-1.747840e+00	-1.722618e-01
748           	-7.877721e-01	5.680396e-01	-1.920021e+00	-1.747782e+00	-1.722382e-01
749           	-7.877413e-01	5.679892e-01	-1.919913e+00	-1.747698e+00	-1.722152e-01
750           	-7.877406e-01	5.679948e-01	-1.919918e+00	-1.747699e+00	-1.722182e-01
751           	-7.877099e-01	5.678785e-01	-1.919745e+00	-1.747582e+00	-1.721624e-01
752           	-7.877082e-01	5.678750e-01	-1.919738e+00	-1.747577e+00	-1.721609e-01
753           	-7.876710e-01	5.678156e-01	-1.919612e+00	-1.747477e+00	-1.721350e-01
754           	-7.876677e-01	5.678237e-01	-1.919611e+00	-1.747473e+00	-1.721377e-01
755           	-7.876098e-01	5.677421e-01	-1.919418e+00	-1.747319e+00	-1.720993e-01
756           	-7.876090e-01	5.677406e-01	-1.919415e+00	-1.747316e+00	-1.720985e-01
757           	-7.875396e-01	5.676998e-01	-1.919256e+00	-1.747168e+00	-1.720883e-01
758           	-7.875375e-01	5.676998e-01	-1.919252e+00	-1.747164e+00	-1.720886e-01
759           	-7.874908e-01	5.676308e-01	-1.919108e+00	-1.747045e+00	-1.720634e-01
760           	-7.874908e-01	5.676314e-01	-1.919109e+00	-1.747045e+00	-1.720636e-01
761           	-7.874220e-01	5.676006e-01	-1.918961e+00	-1.746903e+00	-1.720586e-01
762           	-7.874201e-01	5.675997e-01	-1.918957e+00	-1.746899e+00	-1.720584e-01
763           	-7.873475e-01	5.675305e-01	-1.918770e+00	-1.746732e+00	-1.720375e-01
764           	-7.873440e-01	5.675300e-01	-1.918763e+00	-1.746726e+00	-1.720376e-01
765           	-7.872655e-01	5.675016e-01	-1.918602e+00	-1.746566e+00	-1.720354e-01
766           	-7.872656e-01	5.674992e-01	-1.918601e+00	-1.746566e+00	-1.720347e-01
767           	-7.871857e-01	5.674859e-01	-1.918449e+00	-1.746410e+00	-1.720389e-01
768           	-7.871846e-01	5.674835e-01	-1.918445e+00	-1.746407e+00	-1.720378e-01
769           	-7.871867e-01	5.674811e-01	-1.918447e+00	-1.746410e+00	-1.720369e-01
770           	-7.870938e-01	5.674334e-01	-1.918225e+00	-1.746207e+00	-1.720189e-01
771           	-7.870914e-01	5.674363e-01	-1.918222e+00	-1.746203e+00	-1.720197e-01
772           	-7.869947e-01	5.673985e-01	-1.918008e+00	-1.745999e+00	-1.720095e-01
773           	-7.869936e-01	5.673998e-01	-1.918008e+00	-1.745997e+00	-1.720102e-01
774           	-7.869912e-01	5.674073e-01	-1.918008e+00	-1.745995e+00	-1.720127e-01
775           	-7.869319e-01	5.673411e-01	-1.917838e+00	-1.745851e+00	-1.719872e-01
776           	-7.869300e-01	5.673433e-01	-1.917836e+00	-1.745848e+00	-1.719878e-01
777           	-7.868559e-01	5.673874e-01	-1.917746e+00	-1.745729e+00	-1.720169e-01
778           	-7.868526e-01	5.673903e-01	-1.917741e+00	-1.745723e+00	-1.720179e-01
779           	-7.868529e-01	5.673920e-01	-1.917742e+00	-1.745724e+00	-1.720181e-01
780           	-7.867945e-01	5.673869e-01	-1.917640e+00	-1.745614e+00	-1.720255e-01
781           	-7.867931e-01	5.673882e-01	-1.917638e+00	-1.745612e+00	-1.720259e-01
782           	-7.867448e-01	5.674089e-01	-1.917584e+00	-1.745537e+00	-1.720471e-01
783           	-7.867406e-01	5.674152e-01	-1.917580e+00	-1.745531e+00	-1.720494e-01
784           	-7.867431e-01	5.674095e-01	-1.917580e+00	-1.745533e+00	-1.720470e-01
785           	-7.866968e-01	5.673998e-01	-1.917505e+00	-1.745449e+00	-1.720558e-01
786           	-7.866954e-01	5.673992e-01	-1.917501e+00	-1.745446e+00	-1.720552e-01
787           	-7.866375e-01	5.674697e-01	-1.917465e+00	-1.745370e+00	-1.720948e-01
788           	-7.866321e-01	5.674783e-01	-1.917459e+00	-1.745362e+00	-1.720975e-01
789           	-7.865805e-01	5.675186e-01	-1.917422e+00	-1.745292e+00	-1.721305e-01
790           	-7.865792e-01	5.675164e-01	-1.917417e+00	-1.745288e+00	-1.721295e-01
791           	-7.865150e-01	5.675294e-01	-1.917347e+00	-1.745189e+00	-1.721586e-01
792           	-7.865160e-01	5.675221e-01	-1.917343e+00	-1.745188e+00	-1.721554e-01
793           	-7.865161e-01	5.675188e-01	-1.917341e+00	-1.745186e+00	-1.721543e-01
794           	-7.864997e-01	5.675091e-01	-1.917317e+00	-1.745158e+00	-1.721588e-01
795           	-7.864967e-01	5.675095e-01	-1.917311e+00	-1.745152e+00	-1.721586e-01
796           	-7.864504e-01	5.676104e-01	-1.917325e+00	-1.745113e+00	-1.722120e-01
797           	-7.864481e-01	5.676130e-01	-1.917322e+00	-1.745109e+00	-1.722128e-01
798           	-7.864310e-01	5.676168e-01	-1.917310e+00	-1.745086e+00	-1.722242e-01
799           	-7.864315e-01	5.676106e-01	-1.917305e+00	-1.745084e+00	-1.722209e-01
800           	-7.863975e-01	5.676473e-01	-1.917317e+00	-1.745056e+00	-1.722612e-01
801           	-7.863974e-01	5.676423e-01	-1.917313e+00	-1.745054e+00	-1.722593e-01
802           	-7.863900e-01	5.676530e-01	-1.917337e+00	-1.745058e+00	-1.722783e-01
803           	-7.863911e-01	5.676430e-01	-1.917331e+00	-1.745057e+00	-1.722745e-01
804           	-7.863866e-01	5.677200e-01	-1.917416e+00	-1.745094e+00	-1.723213e-01
805           	-7.863874e-01	5.677143e-01	-1.917413e+00	-1.745094e+00	-1.723193e-01
806           	-7.864266e-01	5.677766e-01	-1.917556e+00	-1.745205e+00	-1.723515e-01
807           	-7.864254e-01	5.677694e-01	-1.917549e+00	-1.745200e+00	-1.723489e-01
808           	-7.864579e-01	5.678617e-01	-1.917701e+00	-1.745309e+00	-1.723928e-01
809           	-7.864589e-01	5.678566e-01	-1.917701e+00	-1.745309e+00	-1.723916e-01
810           	-7.865435e-01	5.679198e-01	-1.917917e+00	-1.745502e+00	-1.724151e-01
811           	-7.865465e-01	5.679092e-01	-1.917914e+00	-1.745504e+00	-1.724105e-01
812           	-7.866473e-01	5.680229e-01	-1.918190e+00	-1.745742e+00	-1.724477e-01
813           	-7.866508e-01	5.680167e-01	-1.918193e+00	-1.745747e+00	-1.724457e-01
814           	-7.867810e-01	5.680788e-01	-1.918467e+00	-1.746014e+00	-1.724525e-01
815           	-7.867832e-01	5.680724e-01	-1.918465e+00	-1.746016e+00	-1.724493e-01
816           	-7.868749e-01	5.681799e-01	-1.918717e+00	-1.746233e+00	-1.724836e-01
817           	-7.868785e-01	5.681746e-01	-1.918721e+00	-1.746239e+00	-1.724820e-01
818           	-7.869816e-01	5.681831e-01	-1.918888e+00	-1.746426e+00	-1.724626e-01
819           	-7.869818e-01	5.681793e-01	-1.918885e+00	-1.746424e+00	-1.724605e-01
820           	-7.870278e-01	5.682713e-01	-1.919036e+00	-1.746546e+00	-1.724903e-01
821           	-7.870290e-01	5.682716e-01	-1.919040e+00	-1.746549e+00	-1.724910e-01
822           	-7.870689e-01	5.682510e-01	-1.919064e+00	-1.746601e+00	-1.724631e-01
823           	-7.870693e-01	5.682495e-01	-1.919063e+00	-1.746601e+00	-1.724622e-01
824           	-7.870566e-01	5.682788e-01	-1.919044e+00	-1.746578e+00	-1.724652e-01
825           	-7.870547e-01	5.682817e-01	-1.919043e+00	-1.746576e+00	-1.724670e-01
826           	-7.870255e-01	5.682051e-01	-1.918882e+00	-1.746467e+00	-1.724156e-01
827           	-7.870245e-01	5.682062e-01	-1.918880e+00	-1.746464e+00	-1.724154e-01
828           	-7.869526e-01	5.682226e-01	-1.918744e+00	-1.746325e+00	-1.724195e-01
829           	-7.869523e-01	5.682285e-01	-1.918749e+00	-1.746327e+00	-1.724223e-01
830           	-7.869017e-01	5.681282e-01	-1.918540e+00	-1.746172e+00	-1.723682e-01
831           	-7.869020e-01	5.681282e-01	-1.918540e+00	-1.746172e+00	-1.723681e-01
832           	-7.868393e-01	5.680969e-01	-1.918390e+00	-1.746034e+00	-1.723556e-01
833           	-7.868383e-01	5.681032e-01	-1.918394e+00	-1.746035e+00	-1.723585e-01
834           	-7.868057e-01	5.679931e-01	-1.918215e+00	-1.745913e+00	-1.723017e-01
835           	-7.868045e-01	5.679936e-01	-1.918212e+00	-1.745911e+00	-1.723017e-01
836           	-7.867662e-01	5.679692e-01	-1.918126e+00	-1.745829e+00	-1.722968e-01
837           	-7.867659e-01	5.679722e-01	-1.918129e+00	-1.745831e+00	-1.722987e-01
838           	-7.867707e-01	5.678395e-01	-1.918011e+00	-1.745776e+00	-1.722347e-01
839           	-7.867704e-01	5.678385e-01	-1.918009e+00	-1.745775e+00	-1.722341e-01
840           	-7.867624e-01	5.677895e-01	-1.917955e+00	-1.745740e+00	-1.722153e-01
841           	-7.867623e-01	5.677911e-01	-1.917958e+00	-1.745741e+00	-1.722166e-01
842           	-7.867737e-01	5.676420e-01	-1.917833e+00	-1.745690e+00	-1.721426e-01
843           	-7.867728e-01	5.676401e-01	-1.917829e+00	-1.745687e+00	-1.721416e-01
844           	-7.867550e-01	5.676264e-01	-1.917783e+00	-1.745647e+00	-1.721366e-01
845           	-7.867533e-01	5.676329e-01	-1.917787e+00	-1.745647e+00	-1.721401e-01
846           	-7.867580e-01	5.675199e-01	-1.917674e+00	-1.745595e+00	-1.720790e-01
847           	-7.867572e-01	5.675173e-01	-1.917671e+00	-1.745593e+00	-1.720782e-01
848           	-7.867340e-01	5.675155e-01	-1.917620e+00	-1.745544e+00	-1.720762e-01
849           	-7.867162e-01	5.675123e-01	-1.917572e+00	-1.745502e+00	-1.720698e-01
850           	-7.867161e-01	5.675152e-01	-1.917576e+00	-1.745504e+00	-1.720718e-01
851           	-7.867212e-01	5.674262e-01	-1.917474e+00	-1.745458e+00	-1.720157e-01
852           	-7.867193e-01	5.674270e-01	-1.917470e+00	-1.745454e+00	-1.720155e-01
853           	-7.867421e-01	5.674503e-01	-1.917515e+00	-1.745500e+00	-1.720155e-01
854           	-7.867401e-01	5.674556e-01	-1.917516e+00	-1.745498e+00	-1.720180e-01
855           	-7.867658e-01	5.674220e-01	-1.917501e+00	-1.745516e+00	-1.719848e-01
856           	-7.867792e-01	5.673841e-01	-1.917474e+00	-1.745516e+00	-1.719578e-01
857           	-7.867798e-01	5.673836e-01	-1.917476e+00	-1.745518e+00	-1.719583e-01
858           	-7.868093e-01	5.673341e-01	-1.917462e+00	-1.745540e+00	-1.719216e-01
859           	-7.867896e-01	5.674007e-01	-1.917454e+00	-1.745517e+00	-1.719377e-01
860           	-7.867827e-01	5.674160e-01	-1.917454e+00	-1.745510e+00	-1.719445e-01
861           	-7.868032e-01	5.673096e-01	-1.917391e+00	-1.745499e+00	-1.718921e-01
862           	-7.868165e-01	5.671987e-01	-1.917316e+00	-1.745474e+00	-1.718412e-01
863           	-7.868112e-01	5.671835e-01	-1.917299e+00	-1.745461e+00	-1.718383e-01
864           	-7.868118e-01	5.671831e-01	-1.917301e+00	-1.745462e+00	-1.718388e-01
865           	-7.868195e-01	5.670713e-01	-1.917199e+00	-1.745419e+00	-1.717799e-01
866           	-7.868055e-01	5.670597e-01	-1.917150e+00	-1.745381e+00	-1.717696e-01
867           	-7.867977e-01	5.670777e-01	-1.917150e+00	-1.745373e+00	-1.717773e-01
868           	-7.867713e-01	5.670758e-01	-1.917095e+00	-1.745319e+00	-1.717761e-01
869           	-7.867701e-01	5.670735e-01	-1.917090e+00	-1.745315e+00	-1.717749e-01
870           	-7.867459e-01	5.670691e-01	-1.917052e+00	-1.745272e+00	-1.717800e-01
871           	-7.867001e-01	5.671697e-01	-1.917053e+00	-1.745227e+00	-1.718265e-01
872           	-7.866672e-01	5.672444e-01	-1.917069e+00	-1.745202e+00	-1.718673e-01
873           	-7.866669e-01	5.672427e-01	-1.917067e+00	-1.745201e+00	-1.718669e-01
874           	-7.866771e-01	5.671868e-01	-1.917064e+00	-1.745209e+00	-1.718546e-01
875           	-7.866880e-01	5.671945e-01	-1.917104e+00	-1.745240e+00	-1.718642e-01
876           	-7.866909e-01	5.671882e-01	-1.917106e+00	-1.745244e+00	-1.718622e-01
877           	-7.866992e-01	5.672057e-01	-1.917146e+00	-1.745272e+00	-1.718740e-01
878           	-7.866998e-01	5.672738e-01	-1.917212e+00	-1.745306e+00	-1.719061e-01
879           	-7.867004e-01	5.672752e-01	-1.917215e+00	-1.745308e+00	-1.719070e-01
880           	-7.867029e-01	5.673292e-01	-1.917274e+00	-1.745340e+00	-1.719341e-01
881           	-7.866985e-01	5.673330e-01	-1.917269e+00	-1.745333e+00	-1.719359e-01
882           	-7.867099e-01	5.674310e-01	-1.917397e+00	-1.745408e+00	-1.719885e-01
883           	-7.867197e-01	5.675330e-01	-1.917514e+00	-1.745477e+00	-1.720371e-01
884           	-7.867201e-01	5.675350e-01	-1.917518e+00	-1.745479e+00	-1.720387e-01
885           	-7.867558e-01	5.676208e-01	-1.917660e+00	-1.745586e+00	-1.720740e-01
886           	-7.867565e-01	5.676180e-01	-1.917660e+00	-1.745586e+00	-1.720734e-01
887           	-7.868035e-01	5.677297e-01	-1.917866e+00	-1.745736e+00	-1.721294e-01
888           	-7.868052e-01	5.677293e-01	-1.917870e+00	-1.745740e+00	-1.721298e-01
889           	-7.868597e-01	5.677910e-01	-1.918020e+00	-1.745870e+00	-1.721504e-01
890           	-7.868600e-01	5.677866e-01	-1.918015e+00	-1.745868e+00	-1.721477e-01
891           	-7.869218e-01	5.679710e-01	-1.918322e+00	-1.746083e+00	-1.722391e-01
892           	-7.869229e-01	5.679693e-01	-1.918326e+00	-1.746086e+00	-1.722399e-01
893           	-7.870197e-01	5.679970e-01	-1.918524e+00	-1.746281e+00	-1.722421e-01
894           	-7.870218e-01	5.679934e-01	-1.918523e+00	-1.746283e+00	-1.722397e-01
895           	-7.870931e-01	5.681986e-01	-1.918856e+00	-1.746521e+00	-1.723347e-01
896           	-7.870947e-01	5.682016e-01	-1.918862e+00	-1.746526e+00	-1.723364e-01
897           	-7.871918e-01	5.682206e-01	-1.919047e+00	-1.746715e+00	-1.723317e-01
898           	-7.871961e-01	5.682116e-01	-1.919047e+00	-1.746720e+00	-1.723275e-01
899           	-7.872674e-01	5.683554e-01	-1.919319e+00	-1.746927e+00	-1.723922e-01
900           	-7.872723e-01	5.683566e-01	-1.919330e+00	-1.746937e+00	-1.723929e-01
901           	-7.873379e-01	5.683872e-01	-1.919449e+00	-1.747062e+00	-1.723866e-01
902           	-7.873404e-01	5.683865e-01	-1.919451e+00	-1.747066e+00	-1.723853e-01
903           	-7.873862e-01	5.685320e-01	-1.919676e+00	-1.747224e+00	-1.724519e-01
904           	-7.873898e-01	5.685311e-01	-1.919684e+00	-1.747232e+00	-1.724523e-01
905           	-7.874541e-01	5.684768e-01	-1.919729e+00	-1.747319e+00	-1.724105e-01
906           	-7.874860e-01	5.684909e-01	-1.919764e+00	-1.747368e+00	-1.723962e-01
907           	-7.874878e-01	5.685023e-01	-1.919776e+00	-1.747376e+00	-1.724002e-01
908           	-7.874979e-01	5.684654e-01	-1.919736e+00	-1.747366e+00	-1.723701e-01
909           	-7.874980e-01	5.684706e-01	-1.919740e+00	-1.747368e+00	-1.723720e-01
910           	-7.875054e-01	5.683998e-01	-1.919656e+00	-1.747334e+00	-1.723227e-01
911           	-7.874988e-01	5.683948e-01	-1.919609e+00	-1.747303e+00	-1.723059e-01
912           	-7.874972e-01	5.684103e-01	-1.919617e+00	-1.747306e+00	-1.723114e-01
913           	-7.874769e-01	5.682811e-01	-1.919428e+00	-1.747191e+00	-1.722372e-01
914           	-7.874767e-01	5.682843e-01	-1.919427e+00	-1.747190e+00	-1.722367e-01
915           	-7.874613e-01	5.682334e-01	-1.919355e+00	-1.747139e+00	-1.722162e-01
916           	-7.874611e-01	5.682402e-01	-1.919359e+00	-1.747141e+00	-1.722185e-01
917           	-7.874600e-01	5.681093e-01	-1.919224e+00	-1.747072e+00	-1.721519e-01
918           	-7.874616e-01	5.681130e-01	-1.919226e+00	-1.747075e+00	-1.721515e-01
919           	-7.874323e-01	5.681067e-01	-1.919191e+00	-1.747028e+00	-1.721634e-01
920           	-7.874026e-01	5.681034e-01	-1.919140e+00	-1.746973e+00	-1.721675e-01
921           	-7.874024e-01	5.681099e-01	-1.919144e+00	-1.746975e+00	-1.721698e-01
922           	-7.874008e-01	5.679659e-01	-1.919030e+00	-1.746916e+00	-1.721140e-01
923           	-7.873964e-01	5.679750e-01	-1.919027e+00	-1.746910e+00	-1.721172e-01
924           	-7.873599e-01	5.679303e-01	-1.918963e+00	-1.746841e+00	-1.721215e-01
925           	-7.873541e-01	5.679454e-01	-1.918963e+00	-1.746835e+00	-1.721272e-01
926           	-7.873168e-01	5.677776e-01	-1.918769e+00	-1.746701e+00	-1.720677e-01
927           	-7.872492e-01	5.677143e-01	-1.918601e+00	-1.746550e+00	-1.720512e-01
928           	-7.872435e-01	5.677229e-01	-1.918598e+00	-1.746543e+00	-1.720558e-01
929           	-7.871753e-01	5.675984e-01	-1.918397e+00	-1.746374e+00	-1.720232e-01
930           	-7.871682e-01	5.676030e-01	-1.918388e+00	-1.746362e+00	-1.720255e-01
931           	-7.870798e-01	5.675063e-01	-1.918172e+00	-1.746166e+00	-1.720061e-01
932           	-7.870768e-01	5.675030e-01	-1.918165e+00	-1.746159e+00	-1.720056e-01
933           	-7.869642e-01	5.674937e-01	-1.917990e+00	-1.745959e+00	-1.720309e-01
934           	-7.869618e-01	5.674875e-01	-1.917983e+00	-1.745953e+00	-1.720298e-01
935           	-7.868559e-01	5.674764e-01	-1.917821e+00	-1.745766e+00	-1.720545e-01
936           	-7.868552e-01	5.674692e-01	-1.917817e+00	-1.745764e+00	-1.720533e-01
937           	-7.867605e-01	5.674988e-01	-1.917701e+00	-1.745611e+00	-1.720898e-01
938           	-7.867607e-01	5.674904e-01	-1.917697e+00	-1.745609e+00	-1.720878e-01
939           	-7.867091e-01	5.675275e-01	-1.917668e+00	-1.745543e+00	-1.721250e-01
940           	-7.867096e-01	5.675196e-01	-1.917667e+00	-1.745543e+00	-1.721240e-01
941           	-7.867110e-01	5.675367e-01	-1.917698e+00	-1.745560e+00	-1.721382e-01
942           	-7.867083e-01	5.675349e-01	-1.917695e+00	-1.745556e+00	-1.721389e-01
943           	-7.867047e-01	5.676482e-01	-1.917790e+00	-1.745600e+00	-1.721904e-01
944           	-7.867050e-01	5.676371e-01	-1.917787e+00	-1.745599e+00	-1.721887e-01
945           	-7.867477e-01	5.676685e-01	-1.917895e+00	-1.745695e+00	-1.721996e-01
946           	-7.867451e-01	5.676685e-01	-1.917892e+00	-1.745691e+00	-1.722007e-01
947           	-7.867840e-01	5.678368e-01	-1.918104e+00	-1.745836e+00	-1.722678e-01
948           	-7.867860e-01	5.678282e-01	-1.918103e+00	-1.745838e+00	-1.722657e-01
949           	-7.868712e-01	5.678497e-01	-1.918281e+00	-1.746012e+00	-1.722694e-01
950           	-7.868745e-01	5.678373e-01	-1.918280e+00	-1.746015e+00	-1.722657e-01
951           	-7.869466e-01	5.679058e-01	-1.918469e+00	-1.746181e+00	-1.722878e-01
952           	-7.870079e-01	5.680320e-01	-1.918674e+00	-1.746345e+00	-1.723289e-01
953           	-7.870107e-01	5.680243e-01	-1.918677e+00	-1.746349e+00	-1.723278e-01
954           	-7.870830e-01	5.679763e-01	-1.918734e+00	-1.746450e+00	-1.722840e-01
955           	-7.870789e-01	5.679816e-01	-1.918729e+00	-1.746443e+00	-1.722857e-01
956           	-7.871478e-01	5.679855e-01	-1.918855e+00	-1.746575e+00	-1.722797e-01
957           	-7.871526e-01	5.679673e-01	-1.918853e+00	-1.746579e+00	-1.722739e-01
958           	-7.872181e-01	5.678951e-01	-1.918872e+00	-1.746654e+00	-1.722177e-01
959           	-7.872210e-01	5.678864e-01	-1.918869e+00	-1.746655e+00	-1.722135e-01
960           	-7.872332e-01	5.679914e-01	-1.918994e+00	-1.746730e+00	-1.722637e-01
961           	-7.872356e-01	5.679813e-01	-1.918995e+00	-1.746733e+00	-1.722618e-01
962           	-7.872715e-01	5.679016e-01	-1.918979e+00	-1.746761e+00	-1.722182e-01
963           	-7.872756e-01	5.678899e-01	-1.918979e+00	-1.746765e+00	-1.722138e-01
964           	-7.872700e-01	5.679492e-01	-1.919037e+00	-1.746789e+00	-1.722485e-01
965           	-7.872757e-01	5.679351e-01	-1.919040e+00	-1.746796e+00	-1.722444e-01
966           	-7.872636e-01	5.678443e-01	-1.918936e+00	-1.746732e+00	-1.722044e-01
967           	-7.872672e-01	5.678299e-01	-1.918932e+00	-1.746733e+00	-1.721988e-01
968           	-7.872459e-01	5.678742e-01	-1.918968e+00	-1.746730e+00	-1.722384e-01
969           	-7.872517e-01	5.678600e-01	-1.918972e+00	-1.746738e+00	-1.722344e-01
970           	-7.872265e-01	5.677755e-01	-1.918854e+00	-1.746654e+00	-1.722006e-01
971           	-7.872296e-01	5.677650e-01	-1.918852e+00	-1.746656e+00	-1.721965e-01
972           	-7.871930e-01	5.678083e-01	-1.918865e+00	-1.746625e+00	-1.722394e-01
973           	-7.871977e-01	5.677940e-01	-1.918866e+00	-1.746631e+00	-1.722354e-01
974           	-7.871626e-01	5.676993e-01	-1.918723e+00	-1.746524e+00	-1.721989e-01
975           	-7.871637e-01	5.676953e-01	-1.918721e+00	-1.746524e+00	-1.721969e-01
976           	-7.870985e-01	5.677731e-01	-1.918708e+00	-1.746453e+00	-1.722556e-01
977           	-7.870996e-01	5.677686e-01	-1.918709e+00	-1.746454e+00	-1.722547e-01
978           	-7.870373e-01	5.676905e-01	-1.918539e+00	-1.746307e+00	-1.722323e-01
979           	-7.870397e-01	5.676808e-01	-1.918537e+00	-1.746308e+00	-1.722287e-01
980           	-7.869644e-01	5.677143e-01	-1.918461e+00	-1.746195e+00	-1.722663e-01
981           	-7.869653e-01	5.677144e-01	-1.918464e+00	-1.746197e+00	-1.722666e-01
982           	-7.868832e-01	5.676414e-01	-1.918255e+00	-1.746011e+00	-1.722445e-01
983           	-7.868830e-01	5.676381e-01	-1.918251e+00	-1.746009e+00	-1.722427e-01
984           	-7.867913e-01	5.676685e-01	-1.918149e+00	-1.745866e+00	-1.722831e-01
985           	-7.866964e-01	5.676528e-01	-1.917980e+00	-1.745686e+00	-1.722934e-01
986           	-7.866970e-01	5.676561e-01	-1.917984e+00	-1.745689e+00	-1.722952e-01
987           	-7.866376e-01	5.675058e-01	-1.917738e+00	-1.745506e+00	-1.722313e-01
988           	-7.866303e-01	5.675160e-01	-1.917729e+00	-1.745495e+00	-1.722340e-01
989           	-7.865404e-01	5.675181e-01	-1.917583e+00	-1.745332e+00	-1.722511e-01
990           	-7.865375e-01	5.675263e-01	-1.917584e+00	-1.745329e+00	-1.722543e-01
991           	-7.864658e-01	5.674143e-01	-1.917340e+00	-1.745136e+00	-1.722041e-01
992           	-7.864623e-01	5.674157e-01	-1.917330e+00	-1.745127e+00	-1.722030e-01
993           	-7.863738e-01	5.674266e-01	-1.917200e+00	-1.744974e+00	-1.722260e-01
994           	-7.863705e-01	5.674357e-01	-1.917202e+00	-1.744971e+00	-1.722302e-01
995           	-7.863076e-01	5.673360e-01	-1.916997e+00	-1.744806e+00	-1.721909e-01
996           	-7.863062e-01	5.673347e-01	-1.916991e+00	-1.744802e+00	-1.721895e-01
997           	-7.862303e-01	5.673246e-01	-1.916865e+00	-1.744663e+00	-1.722021e-01
998           	-7.862295e-01	5.673259e-01	-1.916866e+00	-1.744663e+00	-1.722036e-01
999           	-7.861655e-01	5.672329e-01	-1.916664e+00	-1.744498e+00	-1.721667e-01
1000          	-7.861637e-01	5.672299e-01	-1.916656e+00	-1.744492e+00	-1.721642e-01
